(0, 6707) 
(0, 15728) 
(0, 24749) 
(0, 33770) 
(0, 42791) 
(0, 51812) 
(0, 60833) 
(0, 69854) 
(0, 78875) 
(0, 87896) 
(0, 96917) 
(0, 105938) 
(0, 114959) 
(0, 123980) 
(0, 133001) 
(0, 142022) 
(0, 151043) 
(0, 160064) 
(0, 169085) 
(0, 178106) 
(0, 187127) 
(0, 196148) 
(0, 205169) 
(0, 214190) 
(0, 223211) 
(0, 232232) 
(0, 241253) 
(0, 250274) 
(0, 259295) 
(0, 268316) 
(0, 277337) 
(0, 286358) 
(0, 295379) 
(0, 304400) 
(0, 313421) 
(0, 322442) 
(0, 331463) 
(0, 340484) 
(0, 349505) 
(0, 358526) 
(0, 367547) 
(0, 376568) 
(0, 385589) 
(0, 394610) 
(0, 403631) 
(0, 412652) 
(0, 421673) 
(0, 430694) 
(0, 439715) 
(0, 448736) 
(0, 457757) 
(0, 466778) 
(0, 475799) 
(0, 484820) 
(0, 493841) 
(0, 502862) 
(0, 511883) 
(0, 520904) 
(0, 529925) 
(0, 538946) 
(0, 547967) 
(0, 556988) 
(0, 566009) 
(0, 575030) 
(0, 584051) 
(0, 593072) 
(0, 602093) 
(0, 611114) 
(0, 620135) 
(0, 629156) 
(0, 638177) 
(0, 647198) 
(0, 656219) 
(0, 665240) 
(0, 674261) 
(0, 683282) 
(0, 692303) 
(0, 701324) 
(0, 710345) 
(0, 719366) 
(0, 728387) 
(0, 737408) 
(0, 746429) 
(0, 755450) 
(0, 764471) 
(0, 773492) 
(0, 782513) 
(0, 791534) 
(0, 800555) 
(0, 809576) 
(0, 818597) 
(0, 827618) 
(0, 836639) 
(0, 845660) 
(0, 854681) 
(0, 863702) 
(0, 872723) 
(0, 881744) 
(0, 890765) 
(0, 899786) 
(0, 908807) 
(0, 917828) 
(0, 926849) 
(0, 935870) 
(0, 944891) 
(0, 953912) 
(0, 962933) 
(0, 971954) 
(0, 980975) 
(0, 989996) 
(0, 999017) 
(0, 1008038) 
(0, 1017059) 
(0, 1026080) 
(0, 1035101) 
(0, 1044122) 
(0, 1053143) 
(0, 1062164) 
(0, 1071185) 
(0, 1080206) 
(0, 1089227) 
(0, 1098248) 
(0, 1107269) 
(0, 1116290) 
(0, 1125311) 
(0, 1134332) 
(0, 1143353) 
(0, 1152374) 
(0, 1161395) 
(0, 1170416) 
(0, 1179437) 
(0, 1188458) 
(0, 1197479) 
(0, 1206500) 
(0, 1215521) 
(0, 1224542) 
(0, 1233563) 
(0, 1242584) 
(0, 1251605) 
(0, 1260626) 
(0, 1269647) 
(0, 1278668) 
(0, 1287689) 
(0, 1296710) 
(0, 1305731) 
(0, 1314752) 
(0, 1323773) 
(0, 1332794) 
(0, 1341815) 
(0, 1350836) 
(0, 1359857) 
(0, 1368878) 
(0, 1377899) 
(0, 1386920) 
(0, 1395941) 
(0, 1404962) 
(0, 1413983) 
(0, 1423004) 
(0, 1432025) 
(0, 1441046) 
(0, 1450067) 
(0, 1459088) 
(0, 1468109) 
(0, 1477130) 
(0, 1486151) 
(0, 1495172) 
(0, 1504193) 
(0, 1513214) 
(0, 1522235) 
(0, 1531256) 
(0, 1540277) 
(0, 1549298) 
(0, 1558319) 
(0, 1567340) 
(0, 1576361) 
(0, 1585382) 
(0, 1594403) 
(0, 1603424) 
(0, 1612445) 
(0, 1621466) 
(0, 1630487) 
(0, 1639508) 
(0, 1648529) 
(0, 1657550) 
(0, 1666571) 
(0, 1675592) 
(0, 1684613) 
(0, 1693634) 
(0, 1702655) 
(0, 1711676) 
(0, 1720697) 
(0, 1729718) 
(0, 1738739) 
(0, 1747760) 
(0, 1756781) 
(0, 1765802) 
(0, 1774823) 
(0, 1783844) 
(0, 1792865) 
(0, 1801886) 
(0, 1811073) 
(0, 1820094) 
(0, 1829115) 
(0, 1838136) 
(0, 1847157) 
(0, 1856178) 
(0, 1865199) 
(0, 1874220) 
(0, 1883241) 
(0, 1892262) 
(0, 1901283) 
(0, 1910304) 
(0, 1919325) 
(0, 1928346) 
(0, 1937367) 
(0, 1946388) 
(0, 1955409) 
(0, 1964430) 
(0, 1973451) 
(0, 1982472) 
(0, 1991493) 
(0, 2000514) 
(0, 2009535) 
(0, 2018556) 
(0, 2027577) 
(0, 2036598) 
(0, 2045619) 
(0, 2054640) 
(0, 2063661) 
(0, 2072682) 
(0, 2081703) 
(0, 2090724) 
(0, 2099745) 
(0, 2108766) 
(0, 2117787) 
(0, 2126808) 
(0, 2135829) 
(0, 2144850) 
(0, 2153871) 
(0, 2162892) 
(0, 2171913) 
(0, 2180934) 
(0, 2189955) 
(0, 2198976) 
(0, 2207997) 
(0, 2217018) 
(0, 2226039) 
(0, 2235060) 
(0, 2244081) 
(0, 2253102) 
(0, 2262123) 
(0, 2271144) 
(0, 2280165) 
(0, 2289186) 
(0, 2298207) 
(0, 2307228) 
(0, 2316249) 
(0, 2325270) 
(0, 2334291) 
(0, 2343312) 
(0, 2352333) 
(0, 2361354) 
(0, 2370375) 
(0, 2379396) 
(0, 2388417) 
(0, 2397438) 
(0, 2406459) 
(0, 2415480) 
(0, 2424501) 
(0, 2433522) 
(0, 2442543) 
(0, 2451564) 
(0, 2460585) 
(0, 2469606) 
(0, 2478627) 
(0, 2487648) 
(0, 2496669) 
(0, 2505690) 
(0, 2514711) 
(0, 2523732) 
(0, 2532753) 
(0, 2541774) 
(0, 2550795) 
(0, 2559816) 
(0, 2568837) 
(0, 2577858) 
(0, 2586879) 
(0, 2595900) 
(0, 2604921) 
(0, 2613942) 
(0, 2622963) 
(0, 2631984) 
(0, 2641005) 
(0, 2650026) 
(0, 2659047) 
(0, 2668068) 
(0, 2677089) 
(0, 2686110) 
(0, 2695131) 
(0, 2704152) 
(0, 2713173) 
(0, 2722194) 
(0, 2731215) 
(0, 2740236) 
(0, 2749257) 
(0, 2758278) 
(0, 2767299) 
(0, 2776320) 
(0, 2785341) 
(0, 2794362) 
(0, 2803383) 
(0, 2812404) 
(0, 2821425) 
(0, 2830446) 
(0, 2839467) 
(0, 2848488) 
(0, 2857509) 
(0, 2866530) 
(0, 2875551) 
(0, 2884572) 
(0, 2893593) 
(0, 2902614) 
(0, 2911635) 
(0, 2920656) 
(0, 2929677) 
(0, 2938698) 
(0, 2947719) 
(0, 2956740) 
(0, 2965761) 
(0, 2974782) 
(0, 2983803) 
(0, 2992824) 
(0, 3001845) 
(0, 3010866) 
(0, 3019887) 
(0, 3028908) 
(0, 3037929) 
(0, 3046950) 
(0, 3055971) 
(0, 3064992) 
(0, 3074013) 
(0, 3083034) 
(0, 3092055) 
(0, 3101076) 
(0, 3110097) 
(0, 3119118) 
(0, 3128139) 
(0, 3137160) 
(0, 3146181) 
(0, 3155202) 
(0, 3164223) 
(0, 3173244) 
(0, 3182265) 
(0, 3191286) 
(0, 3200307) 
(0, 3209328) 
(0, 3218349) 
(0, 3227370) 
(0, 3236391) 
(0, 3245412) 
(0, 3254433) 
(0, 3263454) 
(0, 3272475) 
(0, 3281496) 
(0, 3290517) 
(0, 3299538) 
(0, 3308559) 
(0, 3317580) 
(0, 3326601) 
(0, 3335622) 
(0, 3344643) 
(0, 3353664) 
(0, 3362685) 
(0, 3371706) 
(0, 3380727) 
(0, 3389748) 
(0, 3398769) 
(0, 3407790) 
(0, 3416811) 
(0, 3425832) 
(0, 3434853) 
(0, 3443874) 
(0, 3452895) 
(0, 3461916) 
(0, 3470937) 
(0, 3479958) 
(0, 3488979) 
(0, 3498000) 
(0, 3507021) 
(0, 3516042) 
(0, 3525063) 
(0, 3534084) 
(0, 3543105) 
(0, 3552126) 
(0, 3561147) 
(0, 3570168) 
(0, 3579189) 
(0, 3588210) 
(0, 3597231) 
(0, 3606252) 
(0, 3615439) 
(0, 3624460) 
(0, 3633481) 
(0, 3642502) 
(0, 3651523) 
(0, 3660544) 
(0, 3669565) 
(0, 3678586) 
(0, 3687607) 
(0, 3696628) 
(0, 3705649) 
(0, 3714670) 
(0, 3723691) 
(0, 3732712) 
(0, 3741733) 
(0, 3750754) 
(0, 3759775) 
(0, 3768796) 
(0, 3777817) 
(0, 3786838) 
(0, 3795859) 
(0, 3804880) 
(0, 3813901) 
(0, 3822922) 
(0, 3831943) 
(0, 3840964) 
(0, 3849985) 
(0, 3859006) 
(0, 3868027) 
(0, 3877048) 
(0, 3886069) 
(0, 3895090) 
(0, 3904111) 
(0, 3913132) 
(0, 3922153) 
(0, 3931174) 
(0, 3940195) 
(0, 3949216) 
(0, 3958237) 
(0, 3967258) 
(0, 3976279) 
(0, 3985300) 
(0, 3994321) 
(0, 4003342) 
(0, 4012363) 
(0, 4021384) 
(0, 4030405) 
(0, 4039426) 
(0, 4048447) 
(0, 4057468) 
(0, 4066489) 
(0, 4075510) 
(0, 4084531) 
(0, 4093552) 
(0, 4102573) 
(0, 4111594) 
(0, 4120615) 
(0, 4129636) 
(0, 4138657) 
(0, 4147678) 
(0, 4156699) 
(0, 4165720) 
(0, 4174741) 
(0, 4183762) 
(0, 4192783) 
(0, 4201804) 
(0, 4210825) 
(0, 4219846) 
(0, 4228867) 
(0, 4237888) 
(0, 4246909) 
(0, 4255930) 
(0, 4264951) 
(0, 4273972) 
(0, 4282993) 
(0, 4292014) 
(0, 4301035) 
(0, 4310056) 
(0, 4319077) 
(0, 4328098) 
(0, 4337119) 
(0, 4346140) 
(0, 4355161) 
(0, 4364182) 
(0, 4373203) 
(0, 4382224) 
(0, 4391245) 
(0, 4400266) 
(0, 4409287) 
(0, 4418308) 
(0, 4427329) 
(0, 4436350) 
(0, 4445371) 
(0, 4454392) 
(0, 4463413) 
(0, 4472434) 
(0, 4481455) 
(0, 4490476) 
(0, 4499497) 
(0, 4508518) 
(0, 4517539) 
(0, 4526560) 
(0, 4535581) 
(0, 4544602) 
(0, 4553623) 
(0, 4562644) 
(0, 4571665) 
(0, 4580686) 
(0, 4589707) 
(0, 4598728) 
(0, 4607749) 
(0, 4616770) 
(0, 4625791) 
(0, 4634812) 
(0, 4643833) 
(0, 4652854) 
(0, 4661875) 
(0, 4670896) 
(0, 4679917) 
(0, 4688938) 
(0, 4697959) 
(0, 4706980) 
(0, 4716001) 
(0, 4725022) 
(0, 4734043) 
(0, 4743064) 
(0, 4752085) 
(0, 4761106) 
(0, 4770127) 
(0, 4779148) 
(0, 4788169) 
(0, 4797190) 
(0, 4806211) 
(0, 4815232) 
(0, 4824253) 
(0, 4833274) 
(0, 4842295) 
(0, 4851316) 
(0, 4860337) 
(0, 4869358) 
(0, 4878379) 
(0, 4887400) 
(0, 4896421) 
(0, 4905442) 
(0, 4914463) 
(0, 4923484) 
(0, 4932505) 
(0, 4941526) 
(0, 4950547) 
(0, 4959568) 
(0, 4968589) 
(0, 4977610) 
(0, 4986631) 
(0, 4995652) 
(0, 5004673) 
(0, 5013694) 
(0, 5022715) 
(0, 5031736) 
(0, 5040757) 
(0, 5049778) 
(0, 5058799) 
(0, 5067820) 
(0, 5076841) 
(0, 5085862) 
(0, 5094883) 
(0, 5103904) 
(0, 5112925) 
(0, 5121946) 
(0, 5130967) 
(0, 5139988) 
(0, 5149009) 
(0, 5158030) 
(0, 5167051) 
(0, 5176072) 
(0, 5185093) 
(0, 5194114) 
(0, 5203135) 
(0, 5212156) 
(0, 5221177) 
(0, 5230198) 
(0, 5239219) 
(0, 5248240) 
(0, 5257261) 
(0, 5266282) 
(0, 5275303) 
(0, 5284324) 
(0, 5293345) 
(0, 5302366) 
(0, 5311387) 
(0, 5320408) 
(0, 5329429) 
(0, 5338450) 
(0, 5347471) 
(0, 5356492) 
(0, 5365513) 
(0, 5374534) 
(0, 5383555) 
(0, 5392576) 
(0, 5401597) 
(0, 5410618) 
(0, 5419805) 
(0, 5428826) 
(0, 5437847) 
(0, 5446868) 
(0, 5455889) 
(0, 5464910) 
(0, 5473931) 
(0, 5482952) 
(0, 5491973) 
(0, 5500994) 
(0, 5510015) 
(0, 5519036) 
(0, 5528057) 
(0, 5537078) 
(0, 5546099) 
(0, 5555120) 
(0, 5564141) 
(0, 5573162) 
(0, 5582183) 
(0, 5591204) 
(0, 5600225) 
(0, 5609246) 
(0, 5618267) 
(0, 5627288) 
(0, 5636309) 
(0, 5645330) 
(0, 5654351) 
(0, 5663372) 
(0, 5672393) 
(0, 5681414) 
(0, 5690435) 
(0, 5699456) 
(0, 5708477) 
(0, 5717498) 
(0, 5726519) 
(0, 5735540) 
(0, 5744561) 
(0, 5753582) 
(0, 5762603) 
(0, 5771624) 
(0, 5780645) 
(0, 5789666) 
(0, 5798687) 
(0, 5807708) 
(0, 5816729) 
(0, 5825750) 
(0, 5834771) 
(0, 5843792) 
(0, 5852813) 
(0, 5861834) 
(0, 5870855) 
(0, 5879876) 
(0, 5888897) 
(0, 5897918) 
(0, 5906939) 
(0, 5915960) 
(0, 5924981) 
(0, 5934002) 
(0, 5943023) 
(0, 5952044) 
(0, 5961065) 
(0, 5970086) 
(0, 5979107) 
(0, 5988128) 
(0, 5997149) 
(0, 6006170) 
(0, 6015191) 
(0, 6024212) 
(0, 6033233) 
(0, 6042254) 
(0, 6051275) 
(0, 6060296) 
(0, 6069317) 
(0, 6078338) 
(0, 6087359) 
(0, 6096380) 
(0, 6105401) 
(0, 6114422) 
(0, 6123443) 
(0, 6132464) 
(0, 6141485) 
(0, 6150506) 
(0, 6159527) 
(0, 6168548) 
(0, 6177569) 
(0, 6186590) 
(0, 6195611) 
(0, 6204632) 
(0, 6213653) 
(0, 6222674) 
(0, 6231695) 
(0, 6240716) 
(0, 6249737) 
(0, 6258758) 
(0, 6267779) 
(0, 6276800) 
(0, 6285821) 
(0, 6294842) 
(0, 6303863) 
(0, 6312884) 
(0, 6321905) 
(0, 6330926) 
(0, 6339947) 
(0, 6348968) 
(0, 6357989) 
(0, 6367010) 
(0, 6376031) 
(0, 6385052) 
(0, 6394073) 
(0, 6403094) 
(0, 6412115) 
(0, 6421136) 
(0, 6430157) 
(0, 6439178) 
(0, 6448199) 
(0, 6457220) 
(0, 6466241) 
(0, 6475262) 
(0, 6484283) 
(0, 6493304) 
(0, 6502325) 
(0, 6511346) 
(0, 6520367) 
(0, 6529388) 
(0, 6538409) 
(0, 6547430) 
(0, 6556451) 
(0, 6565472) 
(0, 6574493) 
(0, 6583514) 
(0, 6592535) 
(0, 6601556) 
(0, 6610577) 
(0, 6619598) 
(0, 6628619) 
(0, 6637640) 
(0, 6646661) 
(0, 6655682) 
(0, 6664703) 
(0, 6673724) 
(0, 6682745) 
(0, 6691766) 
(0, 6700787) 
(0, 6709808) 
(0, 6718829) 
(0, 6727850) 
(0, 6736871) 
(0, 6745892) 
(0, 6754913) 
(0, 6763934) 
(0, 6772955) 
(0, 6781976) 
(0, 6790997) 
(0, 6800018) 
(0, 6809039) 
(0, 6818060) 
(0, 6827081) 
(0, 6836102) 
(0, 6845123) 
(0, 6854144) 
(0, 6863165) 
(0, 6872186) 
(0, 6881207) 
(0, 6890228) 
(0, 6899249) 
(0, 6908270) 
(0, 6917291) 
(0, 6926312) 
(0, 6935333) 
(0, 6944354) 
(0, 6953375) 
(0, 6962396) 
(0, 6971417) 
(0, 6980438) 
(0, 6989459) 
(0, 6998480) 
(0, 7007501) 
(0, 7016522) 
(0, 7025543) 
(0, 7034564) 
(0, 7043585) 
(0, 7052606) 
(0, 7061627) 
(0, 7070648) 
(0, 7079669) 
(0, 7088690) 
(0, 7097711) 
(0, 7106732) 
(0, 7115753) 
(0, 7124774) 
(0, 7133795) 
(0, 7142816) 
(0, 7151837) 
(0, 7160858) 
(0, 7169879) 
(0, 7178900) 
(0, 7187921) 
(0, 7196942) 
(0, 7205963) 
(0, 7214984) 
(0, 7224171) 
(0, 7233192) 
(0, 7242213) 
(0, 7251234) 
(0, 7260255) 
(0, 7269276) 
(0, 7278297) 
(0, 7287318) 
(0, 7296339) 
(0, 7305360) 
(0, 7314381) 
(0, 7323402) 
(0, 7332423) 
(0, 7341444) 
(0, 7350465) 
(0, 7359486) 
(0, 7368507) 
(0, 7377528) 
(0, 7386549) 
(0, 7395570) 
(0, 7404591) 
(0, 7413612) 
(0, 7422633) 
(0, 7431654) 
(0, 7440675) 
(0, 7449696) 
(0, 7458717) 
(0, 7467738) 
(0, 7476759) 
(0, 7485780) 
(0, 7494801) 
(0, 7503822) 
(0, 7512843) 
(0, 7521864) 
(0, 7530885) 
(0, 7539906) 
(0, 7548927) 
(0, 7557948) 
(0, 7566969) 
(0, 7575990) 
(0, 7585011) 
(0, 7594032) 
(0, 7603053) 
(0, 7612074) 
(0, 7621095) 
(0, 7630116) 
(0, 7639137) 
(0, 7648158) 
(0, 7657179) 
(0, 7666200) 
(0, 7675221) 
(0, 7684242) 
(0, 7693263) 
(0, 7702284) 
(0, 7711305) 
(0, 7720326) 
(0, 7729347) 
(0, 7738368) 
(0, 7747389) 
(0, 7756410) 
(0, 7765431) 
(0, 7774452) 
(0, 7783473) 
(0, 7792494) 
(0, 7801515) 
(0, 7810536) 
(0, 7819557) 
(0, 7828578) 
(0, 7837599) 
(0, 7846620) 
(0, 7855641) 
(0, 7864662) 
(0, 7873683) 
(0, 7882704) 
(0, 7891725) 
(0, 7900746) 
(0, 7909767) 
(0, 7918788) 
(0, 7927809) 
(0, 7936830) 
(0, 7945851) 
(0, 7954872) 
(0, 7963893) 
(0, 7972914) 
(0, 7981935) 
(0, 7990956) 
(0, 7999977) 
(0, 8008998) 
(0, 8018019) 
(0, 8027040) 
(0, 8036061) 
(0, 8045082) 
(0, 8054103) 
(0, 8063124) 
(0, 8072145) 
(0, 8081166) 
(0, 8090187) 
(0, 8099208) 
(0, 8108229) 
(0, 8117250) 
(0, 8126271) 
(0, 8135292) 
(0, 8144313) 
(0, 8153334) 
(0, 8162355) 
(0, 8171376) 
(0, 8180397) 
(0, 8189418) 
(0, 8198439) 
(0, 8207460) 
(0, 8216481) 
(0, 8225502) 
(0, 8234523) 
(0, 8243544) 
(0, 8252565) 
(0, 8261586) 
(0, 8270607) 
(0, 8279628) 
(0, 8288649) 
(0, 8297670) 
(0, 8306691) 
(0, 8315712) 
(0, 8324733) 
(0, 8333754) 
(0, 8342775) 
(0, 8351796) 
(0, 8360817) 
(0, 8369838) 
(0, 8378859) 
(0, 8387880) 
(0, 8396901) 
(0, 8405922) 
(0, 8414943) 
(0, 8423964) 
(0, 8432985) 
(0, 8442006) 
(0, 8451027) 
(0, 8460048) 
(0, 8469069) 
(0, 8478090) 
(0, 8487111) 
(0, 8496132) 
(0, 8505153) 
(0, 8514174) 
(0, 8523195) 
(0, 8532216) 
(0, 8541237) 
(0, 8550258) 
(0, 8559279) 
(0, 8568300) 
(0, 8577321) 
(0, 8586342) 
(0, 8595363) 
(0, 8604384) 
(0, 8613405) 
(0, 8622426) 
(0, 8631447) 
(0, 8640468) 
(0, 8649489) 
(0, 8658510) 
(0, 8667531) 
(0, 8676552) 
(0, 8685573) 
(0, 8694594) 
(0, 8703615) 
(0, 8712636) 
(0, 8721657) 
(0, 8730678) 
(0, 8739699) 
(0, 8748720) 
(0, 8757741) 
(0, 8766762) 
(0, 8775783) 
(0, 8784804) 
(0, 8793825) 
(0, 8802846) 
(0, 8811867) 
(0, 8820888) 
(0, 8829909) 
(0, 8838930) 
(0, 8847951) 
(0, 8856972) 
(0, 8865993) 
(0, 8875014) 
(0, 8884035) 
(0, 8893056) 
(0, 8902077) 
(0, 8911098) 
(0, 8920119) 
(0, 8929140) 
(0, 8938161) 
(0, 8947182) 
(0, 8956203) 
(0, 8965224) 
(0, 8974245) 
(0, 8983266) 
(0, 8992287) 
(0, 9001308) 
(0, 9010329) 
(0, 9019350) 
(0, 9028537) 
(0, 9037558) 
(0, 9046579) 
(0, 9055600) 
(0, 9064621) 
(0, 9073642) 
(0, 9082663) 
(0, 9091684) 
(0, 9100705) 
(0, 9109726) 
(0, 9118747) 
(0, 9127768) 
(0, 9136789) 
(0, 9145810) 
(0, 9154831) 
(0, 9163852) 
(0, 9172873) 
(0, 9181894) 
(0, 9190915) 
(0, 9199936) 
(0, 9208957) 
(0, 9217978) 
(0, 9226999) 
(0, 9236020) 
(0, 9245041) 
(0, 9254062) 
(0, 9263083) 
(0, 9272104) 
(0, 9281125) 
(0, 9290146) 
(0, 9299167) 
(0, 9308188) 
(0, 9317209) 
(0, 9326230) 
(0, 9335251) 
(0, 9344272) 
(0, 9353293) 
(0, 9362314) 
(0, 9371335) 
(0, 9380356) 
(0, 9389377) 
(0, 9398398) 
(0, 9407419) 
(0, 9416440) 
(0, 9425461) 
(0, 9434482) 
(0, 9443503) 
(0, 9452524) 
(0, 9461545) 
(0, 9470566) 
(0, 9479587) 
(0, 9488608) 
(0, 9497629) 
(0, 9506650) 
(0, 9515671) 
(0, 9524692) 
(0, 9533713) 
(0, 9542734) 
(0, 9551755) 
(0, 9560776) 
(0, 9569797) 
(0, 9578818) 
(0, 9587839) 
(0, 9596860) 
(0, 9605881) 
(0, 9614902) 
(0, 9623923) 
(0, 9632944) 
(0, 9641965) 
(0, 9650986) 
(0, 9660007) 
(0, 9669028) 
(0, 9678049) 
(0, 9687070) 
(0, 9696091) 
(0, 9705112) 
(0, 9714133) 
(0, 9723154) 
(0, 9732175) 
(0, 9741196) 
(0, 9750217) 
(0, 9759238) 
(0, 9768259) 
(0, 9777280) 
(0, 9786301) 
(0, 9795322) 
(0, 9804343) 
(0, 9813364) 
(0, 9822385) 
(0, 9831406) 
(0, 9840427) 
(0, 9849448) 
(0, 9858469) 
(0, 9867490) 
(0, 9876511) 
(0, 9885532) 
(0, 9894553) 
(0, 9903574) 
(0, 9912595) 
(0, 9921616) 
(0, 9930637) 
(0, 9939658) 
(0, 9948679) 
(0, 9957700) 
(0, 9966721) 
(0, 9975742) 
(0, 9984763) 
(0, 9993784) 
(0, 10002805) 
(0, 10011826) 
(0, 10020847) 
(0, 10029868) 
(0, 10038889) 
(0, 10047910) 
(0, 10056931) 
(0, 10065952) 
(0, 10074973) 
(0, 10083994) 
(0, 10093015) 
(0, 10102036) 
(0, 10111057) 
(0, 10120078) 
(0, 10129099) 
(0, 10138120) 
(0, 10147141) 
(0, 10156162) 
(0, 10165183) 
(0, 10174204) 
(0, 10183225) 
(0, 10192246) 
(0, 10201267) 
(0, 10210288) 
(0, 10219309) 
(0, 10228330) 
(0, 10237351) 
(0, 10246372) 
(0, 10255393) 
(0, 10264414) 
(0, 10273435) 
(0, 10282456) 
(0, 10291477) 
(0, 10300498) 
(0, 10309519) 
(0, 10318540) 
(0, 10327561) 
(0, 10336582) 
(0, 10345603) 
(0, 10354624) 
(0, 10363645) 
(0, 10372666) 
(0, 10381687) 
(0, 10390708) 
(0, 10399729) 
(0, 10408750) 
(0, 10417771) 
(0, 10426792) 
(0, 10435813) 
(0, 10444834) 
(0, 10453855) 
(0, 10462876) 
(0, 10471897) 
(0, 10480918) 
(0, 10489939) 
(0, 10498960) 
(0, 10507981) 
(0, 10517002) 
(0, 10526023) 
(0, 10535044) 
(0, 10544065) 
(0, 10553086) 
(0, 10562107) 
(0, 10571128) 
(0, 10580149) 
(0, 10589170) 
(0, 10598191) 
(0, 10607212) 
(0, 10616233) 
(0, 10625254) 
(0, 10634275) 
(0, 10643296) 
(0, 10652317) 
(0, 10661338) 
(0, 10670359) 
(0, 10679380) 
(0, 10688401) 
(0, 10697422) 
(0, 10706443) 
(0, 10715464) 
(0, 10724485) 
(0, 10733506) 
(0, 10742527) 
(0, 10751548) 
(0, 10760569) 
(0, 10769590) 
(0, 10778611) 
(0, 10787632) 
(0, 10796653) 
(0, 10805674) 
(0, 10814695) 
(0, 10823716) 
(0, 10832903) 
(0, 10841924) 
(0, 10850945) 
(0, 10859966) 
(0, 10868987) 
(0, 10878008) 
(0, 10887029) 
(0, 10896050) 
(0, 10905071) 
(0, 10914092) 
(0, 10923113) 
(0, 10932134) 
(0, 10941155) 
(0, 10950176) 
(0, 10959197) 
(0, 10968218) 
(0, 10977239) 
(0, 10986260) 
(0, 10995281) 
(0, 11004302) 
(0, 11013323) 
(0, 11022344) 
(0, 11031365) 
(0, 11040386) 
(0, 11049407) 
(0, 11058428) 
(0, 11067449) 
(0, 11076470) 
(0, 11085491) 
(0, 11094512) 
(0, 11103533) 
(0, 11112554) 
(0, 11121575) 
(0, 11130596) 
(0, 11139617) 
(0, 11148638) 
(0, 11157659) 
(0, 11166680) 
(0, 11175701) 
(0, 11184722) 
(0, 11193743) 
(0, 11202764) 
(0, 11211785) 
(0, 11220806) 
(0, 11229827) 
(0, 11238848) 
(0, 11247869) 
(0, 11256890) 
(0, 11265911) 
(0, 11274932) 
(0, 11283953) 
(0, 11292974) 
(0, 11301995) 
(0, 11311016) 
(0, 11320037) 
(0, 11329058) 
(0, 11338079) 
(0, 11347100) 
(0, 11356121) 
(0, 11365142) 
(0, 11374163) 
(0, 11383184) 
(0, 11392205) 
(0, 11401226) 
(0, 11410247) 
(0, 11419268) 
(0, 11428289) 
(0, 11437310) 
(0, 11446331) 
(0, 11455352) 
(0, 11464373) 
(0, 11473394) 
(0, 11482415) 
(0, 11491436) 
(0, 11500457) 
(0, 11509478) 
(0, 11518499) 
(0, 11527520) 
(0, 11536541) 
(0, 11545562) 
(0, 11554583) 
(0, 11563604) 
(0, 11572625) 
(0, 11581646) 
(0, 11590667) 
(0, 11599688) 
(0, 11608709) 
(0, 11617730) 
(0, 11626751) 
(0, 11635772) 
(0, 11644793) 
(0, 11653814) 
(0, 11662835) 
(0, 11671856) 
(0, 11680877) 
(0, 11689898) 
(0, 11698919) 
(0, 11707940) 
(0, 11716961) 
(0, 11725982) 
(0, 11735003) 
(0, 11744024) 
(0, 11753045) 
(0, 11762066) 
(0, 11771087) 
(0, 11780108) 
(0, 11789129) 
(0, 11798150) 
(0, 11807171) 
(0, 11816192) 
(0, 11825213) 
(0, 11834234) 
(0, 11843255) 
(0, 11852276) 
(0, 11861297) 
(0, 11870318) 
(0, 11879339) 
(0, 11888360) 
(0, 11897381) 
(0, 11906402) 
(0, 11915423) 
(0, 11924444) 
(0, 11933465) 
(0, 11942486) 
(0, 11951507) 
(0, 11960528) 
(0, 11969549) 
(0, 11978570) 
(0, 11987591) 
(0, 11996612) 
(0, 12005633) 
(0, 12014654) 
(0, 12023675) 
(0, 12032696) 
(0, 12041717) 
(0, 12050738) 
(0, 12059759) 
(0, 12068780) 
(0, 12077801) 
(0, 12086822) 
(0, 12095843) 
(0, 12104864) 
(0, 12113885) 
(0, 12122906) 
(0, 12131927) 
(0, 12140948) 
(0, 12149969) 
(0, 12158990) 
(0, 12168011) 
(0, 12177032) 
(0, 12186053) 
(0, 12195074) 
(0, 12204095) 
(0, 12213116) 
(0, 12222137) 
(0, 12231158) 
(0, 12240179) 
(0, 12249200) 
(0, 12258221) 
(0, 12267242) 
(0, 12276263) 
(0, 12285284) 
(0, 12294305) 
(0, 12303326) 
(0, 12312347) 
(0, 12321368) 
(0, 12330389) 
(0, 12339410) 
(0, 12348431) 
(0, 12357452) 
(0, 12366473) 
(0, 12375494) 
(0, 12384515) 
(0, 12393536) 
(0, 12402557) 
(0, 12411578) 
(0, 12420599) 
(0, 12429620) 
(0, 12438641) 
(0, 12447662) 
(0, 12456683) 
(0, 12465704) 
(0, 12474725) 
(0, 12483746) 
(0, 12492767) 
(0, 12501788) 
(0, 12510809) 
(0, 12519830) 
(0, 12528851) 
(0, 12537872) 
(0, 12546893) 
(0, 12555914) 
(0, 12564935) 
(0, 12573956) 
(0, 12582977) 
(0, 12591998) 
(0, 12601019) 
(0, 12610040) 
(0, 12619061) 
(0, 12628082) 
(0, 12637269) 
(0, 12646290) 
(0, 12655311) 
(0, 12664332) 
(0, 12673353) 
(0, 12682374) 
(0, 12691395) 
(0, 12700416) 
(0, 12709437) 
(0, 12718458) 
(0, 12727479) 
(0, 12736500) 
(0, 12745521) 
(0, 12754542) 
(0, 12763563) 
(0, 12772584) 
(0, 12781605) 
(0, 12790626) 
(0, 12799647) 
(0, 12808668) 
(0, 12817689) 
(0, 12826710) 
(0, 12835731) 
(0, 12844752) 
(0, 12853773) 
(0, 12862794) 
(0, 12871815) 
(0, 12880836) 
(0, 12889857) 
(0, 12898878) 
(0, 12907899) 
(0, 12916920) 
(0, 12925941) 
(0, 12934962) 
(0, 12943983) 
(0, 12953004) 
(0, 12962025) 
(0, 12971046) 
(0, 12980067) 
(0, 12989088) 
(0, 12998109) 
(0, 13007130) 
(0, 13016151) 
(0, 13025172) 
(0, 13034193) 
(0, 13043214) 
(0, 13052235) 
(0, 13061256) 
(0, 13070277) 
(0, 13079298) 
(0, 13088319) 
(0, 13097340) 
(0, 13106361) 
(0, 13115382) 
(0, 13124403) 
(0, 13133424) 
(0, 13142445) 
(0, 13151466) 
(0, 13160487) 
(0, 13169508) 
(0, 13178529) 
(0, 13187550) 
(0, 13196571) 
(0, 13205592) 
(0, 13214613) 
(0, 13223634) 
(0, 13232655) 
(0, 13241676) 
(0, 13250697) 
(0, 13259718) 
(0, 13268739) 
(0, 13277760) 
(0, 13286781) 
(0, 13295802) 
(0, 13304823) 
(0, 13313844) 
(0, 13322865) 
(0, 13331886) 
(0, 13340907) 
(0, 13349928) 
(0, 13358949) 
(0, 13367970) 
(0, 13376991) 
(0, 13386012) 
(0, 13395033) 
(0, 13404054) 
(0, 13413075) 
(0, 13422096) 
(0, 13431117) 
(0, 13440138) 
(0, 13449159) 
(0, 13458180) 
(0, 13467201) 
(0, 13476222) 
(0, 13485243) 
(0, 13494264) 
(0, 13503285) 
(0, 13512306) 
(0, 13521327) 
(0, 13530348) 
(0, 13539369) 
(0, 13548390) 
(0, 13557411) 
(0, 13566432) 
(0, 13575453) 
(0, 13584474) 
(0, 13593495) 
(0, 13602516) 
(0, 13611537) 
(0, 13620558) 
(0, 13629579) 
(0, 13638600) 
(0, 13647621) 
(0, 13656642) 
(0, 13665663) 
(0, 13674684) 
(0, 13683705) 
(0, 13692726) 
(0, 13701747) 
(0, 13710768) 
(0, 13719789) 
(0, 13728810) 
(0, 13737831) 
(0, 13746852) 
(0, 13755873) 
(0, 13764894) 
(0, 13773915) 
(0, 13782936) 
(0, 13791957) 
(0, 13800978) 
(0, 13809999) 
(0, 13819020) 
(0, 13828041) 
(0, 13837062) 
(0, 13846083) 
(0, 13855104) 
(0, 13864125) 
(0, 13873146) 
(0, 13882167) 
(0, 13891188) 
(0, 13900209) 
(0, 13909230) 
(0, 13918251) 
(0, 13927272) 
(0, 13936293) 
(0, 13945314) 
(0, 13954335) 
(0, 13963356) 
(0, 13972377) 
(0, 13981398) 
(0, 13990419) 
(0, 13999440) 
(0, 14008461) 
(0, 14017482) 
(0, 14026503) 
(0, 14035524) 
(0, 14044545) 
(0, 14053566) 
(0, 14062587) 
(0, 14071608) 
(0, 14080629) 
(0, 14089650) 
(0, 14098671) 
(0, 14107692) 
(0, 14116713) 
(0, 14125734) 
(0, 14134755) 
(0, 14143776) 
(0, 14152797) 
(0, 14161818) 
(0, 14170839) 
(0, 14179860) 
(0, 14188881) 
(0, 14197902) 
(0, 14206923) 
(0, 14215944) 
(0, 14224965) 
(0, 14233986) 
(0, 14243007) 
(0, 14252028) 
(0, 14261049) 
(0, 14270070) 
(0, 14279091) 
(0, 14288112) 
(0, 14297133) 
(0, 14306154) 
(0, 14315175) 
(0, 14324196) 
(0, 14333217) 
(0, 14342238) 
(0, 14351259) 
(0, 14360280) 
(0, 14369301) 
(0, 14378322) 
(0, 14387343) 
(0, 14396364) 
(0, 14405385) 
(0, 14414406) 
(0, 14423427) 
(0, 14432448) 
(0, 14441635) 
(0, 14450656) 
(0, 14459677) 
(0, 14468698) 
(0, 14477719) 
(0, 14486740) 
(0, 14495761) 
(0, 14504782) 
(0, 14513803) 
(0, 14522824) 
(0, 14531845) 
(0, 14540866) 
(0, 14549887) 
(0, 14558908) 
(0, 14567929) 
(0, 14576950) 
(0, 14585971) 
(0, 14594992) 
(0, 14604013) 
(0, 14613034) 
(0, 14622055) 
(0, 14631076) 
(0, 14640097) 
(0, 14649118) 
(0, 14658139) 
(0, 14667160) 
(0, 14676181) 
(0, 14685202) 
(0, 14694223) 
(0, 14703244) 
(0, 14712265) 
(0, 14721286) 
(0, 14730307) 
(0, 14739328) 
(0, 14748349) 
(0, 14757370) 
(0, 14766391) 
(0, 14775412) 
(0, 14784433) 
(0, 14793454) 
(0, 14802475) 
(0, 14811496) 
(0, 14820517) 
(0, 14829538) 
(0, 14838559) 
(0, 14847580) 
(0, 14856601) 
(0, 14865622) 
(0, 14874643) 
(0, 14883664) 
(0, 14892685) 
(0, 14901706) 
(0, 14910727) 
(0, 14919748) 
(0, 14928769) 
(0, 14937790) 
(0, 14946811) 
(0, 14955832) 
(0, 14964853) 
(0, 14973874) 
(0, 14982895) 
(0, 14991916) 
(0, 15000937) 
(0, 15009958) 
(0, 15018979) 
(0, 15028000) 
(0, 15037021) 
(0, 15046042) 
(0, 15055063) 
(0, 15064084) 
(0, 15073105) 
(0, 15082126) 
(0, 15091147) 
(0, 15100168) 
(0, 15109189) 
(0, 15118210) 
(0, 15127231) 
(0, 15136252) 
(0, 15145273) 
(0, 15154294) 
(0, 15163315) 
(0, 15172336) 
(0, 15181357) 
(0, 15190378) 
(0, 15199399) 
(0, 15208420) 
(0, 15217441) 
(0, 15226462) 
(0, 15235483) 
(0, 15244504) 
(0, 15253525) 
(0, 15262546) 
(0, 15271567) 
(0, 15280588) 
(0, 15289609) 
(0, 15298630) 
(0, 15307651) 
(0, 15316672) 
(0, 15325693) 
(0, 15334714) 
(0, 15343735) 
(0, 15352756) 
(0, 15361777) 
(0, 15370798) 
(0, 15379819) 
(0, 15388840) 
(0, 15397861) 
(0, 15406882) 
(0, 15415903) 
(0, 15424924) 
(0, 15433945) 
(0, 15442966) 
(0, 15451987) 
(0, 15461008) 
(0, 15470029) 
(0, 15479050) 
(0, 15488071) 
(0, 15497092) 
(0, 15506113) 
(0, 15515134) 
(0, 15524155) 
(0, 15533176) 
(0, 15542197) 
(0, 15551218) 
(0, 15560239) 
(0, 15569260) 
(0, 15578281) 
(0, 15587302) 
(0, 15596323) 
(0, 15605344) 
(0, 15614365) 
(0, 15623386) 
(0, 15632407) 
(0, 15641428) 
(0, 15650449) 
(0, 15659470) 
(0, 15668491) 
(0, 15677512) 
(0, 15686533) 
(0, 15695554) 
(0, 15704575) 
(0, 15713596) 
(0, 15722617) 
(0, 15731638) 
(0, 15740659) 
(0, 15749680) 
(0, 15758701) 
(0, 15767722) 
(0, 15776743) 
(0, 15785764) 
(0, 15794785) 
(0, 15803806) 
(0, 15812827) 
(0, 15821848) 
(0, 15830869) 
(0, 15839890) 
(0, 15848911) 
(0, 15857932) 
(0, 15866953) 
(0, 15875974) 
(0, 15884995) 
(0, 15894016) 
(0, 15903037) 
(0, 15912058) 
(0, 15921079) 
(0, 15930100) 
(0, 15939121) 
(0, 15948142) 
(0, 15957163) 
(0, 15966184) 
(0, 15975205) 
(0, 15984226) 
(0, 15993247) 
(0, 16002268) 
(0, 16011289) 
(0, 16020310) 
(0, 16029331) 
(0, 16038352) 
(0, 16047373) 
(0, 16056394) 
(0, 16065415) 
(0, 16074436) 
(0, 16083457) 
(0, 16092478) 
(0, 16101499) 
(0, 16110520) 
(0, 16119541) 
(0, 16128562) 
(0, 16137583) 
(0, 16146604) 
(0, 16155625) 
(0, 16164646) 
(0, 16173667) 
(0, 16182688) 
(0, 16191709) 
(0, 16200730) 
(0, 16209751) 
(0, 16218772) 
(0, 16227793) 
(0, 16236814) 
(0, 16246001) 
(0, 16255022) 
(0, 16264043) 
(0, 16273064) 
(0, 16282085) 
(0, 16291106) 
(0, 16300127) 
(0, 16309148) 
(0, 16318169) 
(0, 16327190) 
(0, 16336211) 
(0, 16345232) 
(0, 16354253) 
(0, 16363274) 
(0, 16372295) 
(0, 16381316) 
(0, 16390337) 
(0, 16399358) 
(0, 16408379) 
(0, 16417400) 
(0, 16426421) 
(0, 16435442) 
(0, 16444463) 
(0, 16453484) 
(0, 16462505) 
(0, 16471526) 
(0, 16480547) 
(0, 16489568) 
(0, 16498589) 
(0, 16507610) 
(0, 16516631) 
(0, 16525652) 
(0, 16534673) 
(0, 16543694) 
(0, 16552715) 
(0, 16561736) 
(0, 16570757) 
(0, 16579778) 
(0, 16588799) 
(0, 16597820) 
(0, 16606841) 
(0, 16615862) 
(0, 16624883) 
(0, 16633904) 
(0, 16642925) 
(0, 16651946) 
(0, 16660967) 
(0, 16669988) 
(0, 16679009) 
(0, 16688030) 
(0, 16697051) 
(0, 16706072) 
(0, 16715093) 
(0, 16724114) 
(0, 16733135) 
(0, 16742156) 
(0, 16751177) 
(0, 16760198) 
(0, 16769219) 
(0, 16778240) 
(0, 16787261) 
(0, 16796282) 
(0, 16805303) 
(0, 16814324) 
(0, 16823345) 
(0, 16832366) 
(0, 16841387) 
(0, 16850408) 
(0, 16859429) 
(0, 16868450) 
(0, 16877471) 
(0, 16886492) 
(0, 16895513) 
(0, 16904534) 
(0, 16913555) 
(0, 16922576) 
(0, 16931597) 
(0, 16940618) 
(0, 16949639) 
(0, 16958660) 
(0, 16967681) 
(0, 16976702) 
(0, 16985723) 
(0, 16994744) 
(0, 17003765) 
(0, 17012786) 
(0, 17021807) 
(0, 17030828) 
(0, 17039849) 
(0, 17048870) 
(0, 17057891) 
(0, 17066912) 
(0, 17075933) 
(0, 17084954) 
(0, 17093975) 
(0, 17102996) 
(0, 17112017) 
(0, 17121038) 
(0, 17130059) 
(0, 17139080) 
(0, 17148101) 
(0, 17157122) 
(0, 17166143) 
(0, 17175164) 
(0, 17184185) 
(0, 17193206) 
(0, 17202227) 
(0, 17211248) 
(0, 17220269) 
(0, 17229290) 
(0, 17238311) 
(0, 17247332) 
(0, 17256353) 
(0, 17265374) 
(0, 17274395) 
(0, 17283416) 
(0, 17292437) 
(0, 17301458) 
(0, 17310479) 
(0, 17319500) 
(0, 17328521) 
(0, 17337542) 
(0, 17346563) 
(0, 17355584) 
(0, 17364605) 
(0, 17373626) 
(0, 17382647) 
(0, 17391668) 
(0, 17400689) 
(0, 17409710) 
(0, 17418731) 
(0, 17427752) 
(0, 17436773) 
(0, 17445794) 
(0, 17454815) 
(0, 17463836) 
(0, 17472857) 
(0, 17481878) 
(0, 17490899) 
(0, 17499920) 
(0, 17508941) 
(0, 17517962) 
(0, 17526983) 
(0, 17536004) 
(0, 17545025) 
(0, 17554046) 
(0, 17563067) 
(0, 17572088) 
(0, 17581109) 
(0, 17590130) 
(0, 17599151) 
(0, 17608172) 
(0, 17617193) 
(0, 17626214) 
(0, 17635235) 
(0, 17644256) 
(0, 17653277) 
(0, 17662298) 
(0, 17671319) 
(0, 17680340) 
(0, 17689361) 
(0, 17698382) 
(0, 17707403) 
(0, 17716424) 
(0, 17725445) 
(0, 17734466) 
(0, 17743487) 
(0, 17752508) 
(0, 17761529) 
(0, 17770550) 
(0, 17779571) 
(0, 17788592) 
(0, 17797613) 
(0, 17806634) 
(0, 17815655) 
(0, 17824676) 
(0, 17833697) 
(0, 17842718) 
(0, 17851739) 
(0, 17860760) 
(0, 17869781) 
(0, 17878802) 
(0, 17887823) 
(0, 17896844) 
(0, 17905865) 
(0, 17914886) 
(0, 17923907) 
(0, 17932928) 
(0, 17941949) 
(0, 17950970) 
(0, 17959991) 
(0, 17969012) 
(0, 17978033) 
(0, 17987054) 
(0, 17996075) 
(0, 18005096) 
(0, 18014117) 
(0, 18023138) 
(0, 18032159) 
(0, 18041180) 
(0, 18050367) 
(0, 18059388) 
(0, 18068409) 
(0, 18077430) 
(0, 18086451) 
(0, 18095472) 
(0, 18104493) 
(0, 18113514) 
(0, 18122535) 
(0, 18131556) 
(0, 18140577) 
(0, 18149598) 
(0, 18158619) 
(0, 18167640) 
(0, 18176661) 
(0, 18185682) 
(0, 18194703) 
(0, 18203724) 
(0, 18212745) 
(0, 18221766) 
(0, 18230787) 
(0, 18239808) 
(0, 18248829) 
(0, 18257850) 
(0, 18266871) 
(0, 18275892) 
(0, 18284913) 
(0, 18293934) 
(0, 18302955) 
(0, 18311976) 
(0, 18320997) 
(0, 18330018) 
(0, 18339039) 
(0, 18348060) 
(0, 18357081) 
(0, 18366102) 
(0, 18375123) 
(0, 18384144) 
(0, 18393165) 
(0, 18402186) 
(0, 18411207) 
(0, 18420228) 
(0, 18429249) 
(0, 18438270) 
(0, 18447291) 
(0, 18456312) 
(0, 18465333) 
(0, 18474354) 
(0, 18483375) 
(0, 18492396) 
(0, 18501417) 
(0, 18510438) 
(0, 18519459) 
(0, 18528480) 
(0, 18537501) 
(0, 18546522) 
(0, 18555543) 
(0, 18564564) 
(0, 18573585) 
(0, 18582606) 
(0, 18591627) 
(0, 18600648) 
(0, 18609669) 
(0, 18618690) 
(0, 18627711) 
(0, 18636732) 
(0, 18645753) 
(0, 18654774) 
(0, 18663795) 
(0, 18672816) 
(0, 18681837) 
(0, 18690858) 
(0, 18699879) 
(0, 18708900) 
(0, 18717921) 
(0, 18726942) 
(0, 18735963) 
(0, 18744984) 
(0, 18754005) 
(0, 18763026) 
(0, 18772047) 
(0, 18781068) 
(0, 18790089) 
(0, 18799110) 
(0, 18808131) 
(0, 18817152) 
(0, 18826173) 
(0, 18835194) 
(0, 18844215) 
(0, 18853236) 
(0, 18862257) 
(0, 18871278) 
(0, 18880299) 
(0, 18889320) 
(0, 18898341) 
(0, 18907362) 
(0, 18916383) 
(0, 18925404) 
(0, 18934425) 
(0, 18943446) 
(0, 18952467) 
(0, 18961488) 
(0, 18970509) 
(0, 18979530) 
(0, 18988551) 
(0, 18997572) 
(0, 19006593) 
(0, 19015614) 
(0, 19024635) 
(0, 19033656) 
(0, 19042677) 
(0, 19051698) 
(0, 19060719) 
(0, 19069740) 
(0, 19078761) 
(0, 19087782) 
(0, 19096803) 
(0, 19105824) 
(0, 19114845) 
(0, 19123866) 
(0, 19132887) 
(0, 19141908) 
(0, 19150929) 
(0, 19159950) 
(0, 19168971) 
(0, 19177992) 
(0, 19187013) 
(0, 19196034) 
(0, 19205055) 
(0, 19214076) 
(0, 19223097) 
(0, 19232118) 
(0, 19241139) 
(0, 19250160) 
(0, 19259181) 
(0, 19268202) 
(0, 19277223) 
(0, 19286244) 
(0, 19295265) 
(0, 19304286) 
(0, 19313307) 
(0, 19322328) 
(0, 19331349) 
(0, 19340370) 
(0, 19349391) 
(0, 19358412) 
(0, 19367433) 
(0, 19376454) 
(0, 19385475) 
(0, 19394496) 
(0, 19403517) 
(0, 19412538) 
(0, 19421559) 
(0, 19430580) 
(0, 19439601) 
(0, 19448622) 
(0, 19457643) 
(0, 19466664) 
(0, 19475685) 
(0, 19484706) 
(0, 19493727) 
(0, 19502748) 
(0, 19511769) 
(0, 19520790) 
(0, 19529811) 
(0, 19538832) 
(0, 19547853) 
(0, 19556874) 
(0, 19565895) 
(0, 19574916) 
(0, 19583937) 
(0, 19592958) 
(0, 19601979) 
(0, 19611000) 
(0, 19620021) 
(0, 19629042) 
(0, 19638063) 
(0, 19647084) 
(0, 19656105) 
(0, 19665126) 
(0, 19674147) 
(0, 19683168) 
(0, 19692189) 
(0, 19701210) 
(0, 19710231) 
(0, 19719252) 
(0, 19728273) 
(0, 19737294) 
(0, 19746315) 
(0, 19755336) 
(0, 19764357) 
(0, 19773378) 
(0, 19782399) 
(0, 19791420) 
(0, 19800441) 
(0, 19809462) 
(0, 19818483) 
(0, 19827504) 
(0, 19836525) 
(0, 19845546) 
(0, 19854733) 
(0, 19863754) 
(0, 19872775) 
(0, 19881796) 
(0, 19890817) 
(0, 19899838) 
(0, 19908859) 
(0, 19917880) 
(0, 19926901) 
(0, 19935922) 
(0, 19944943) 
(0, 19953964) 
(0, 19962985) 
(0, 19972006) 
(0, 19981027) 
(0, 19990048) 
(0, 19999069) 
(0, 20008090) 
(0, 20017111) 
(0, 20026132) 
(0, 20035153) 
(0, 20044174) 
(0, 20053195) 
(0, 20062216) 
(0, 20071237) 
(0, 20080258) 
(0, 20089279) 
(0, 20098300) 
(0, 20107321) 
(0, 20116342) 
(0, 20125363) 
(0, 20134384) 
(0, 20143405) 
(0, 20152426) 
(0, 20161447) 
(0, 20170468) 
(0, 20179489) 
(0, 20188510) 
(0, 20197531) 
(0, 20206552) 
(0, 20215573) 
(0, 20224594) 
(0, 20233615) 
(0, 20242636) 
(0, 20251657) 
(0, 20260678) 
(0, 20269699) 
(0, 20278720) 
(0, 20287741) 
(0, 20296762) 
(0, 20305783) 
(0, 20314804) 
(0, 20323825) 
(0, 20332846) 
(0, 20341867) 
(0, 20350888) 
(0, 20359909) 
(0, 20368930) 
(0, 20377951) 
(0, 20386972) 
(0, 20395993) 
(0, 20405014) 
(0, 20414035) 
(0, 20423056) 
(0, 20432077) 
(0, 20441098) 
(0, 20450119) 
(0, 20459140) 
(0, 20468161) 
(0, 20477182) 
(0, 20486203) 
(0, 20495224) 
(0, 20504245) 
(0, 20513266) 
(0, 20522287) 
(0, 20531308) 
(0, 20540329) 
(0, 20549350) 
(0, 20558371) 
(0, 20567392) 
(0, 20576413) 
(0, 20585434) 
(0, 20594455) 
(0, 20603476) 
(0, 20612497) 
(0, 20621518) 
(0, 20630539) 
(0, 20639560) 
(0, 20648581) 
(0, 20657602) 
(0, 20666623) 
(0, 20675644) 
(0, 20684665) 
(0, 20693686) 
(0, 20702707) 
(0, 20711728) 
(0, 20720749) 
(0, 20729770) 
(0, 20738791) 
(0, 20747812) 
(0, 20756833) 
(0, 20765854) 
(0, 20774875) 
(0, 20783896) 
(0, 20792917) 
(0, 20801938) 
(0, 20810959) 
(0, 20819980) 
(0, 20829001) 
(0, 20838022) 
(0, 20847043) 
(0, 20856064) 
(0, 20865085) 
(0, 20874106) 
(0, 20883127) 
(0, 20892148) 
(0, 20901169) 
(0, 20910190) 
(0, 20919211) 
(0, 20928232) 
(0, 20937253) 
(0, 20946274) 
(0, 20955295) 
(0, 20964316) 
(0, 20973337) 
(0, 20982358) 
(0, 20991379) 
(0, 21000400) 
(0, 21009421) 
(0, 21018442) 
(0, 21027463) 
(0, 21036484) 
(0, 21045505) 
(0, 21054526) 
(0, 21063547) 
(0, 21072568) 
(0, 21081589) 
(0, 21090610) 
(0, 21099631) 
(0, 21108652) 
(0, 21117673) 
(0, 21126694) 
(0, 21135715) 
(0, 21144736) 
(0, 21153757) 
(0, 21162778) 
(0, 21171799) 
(0, 21180820) 
(0, 21189841) 
(0, 21198862) 
(0, 21207883) 
(0, 21216904) 
(0, 21225925) 
(0, 21234946) 
(0, 21243967) 
(0, 21252988) 
(0, 21262009) 
(0, 21271030) 
(0, 21280051) 
(0, 21289072) 
(0, 21298093) 
(0, 21307114) 
(0, 21316135) 
(0, 21325156) 
(0, 21334177) 
(0, 21343198) 
(0, 21352219) 
(0, 21361240) 
(0, 21370261) 
(0, 21379282) 
(0, 21388303) 
(0, 21397324) 
(0, 21406345) 
(0, 21415366) 
(0, 21424387) 
(0, 21433408) 
(0, 21442429) 
(0, 21451450) 
(0, 21460471) 
(0, 21469492) 
(0, 21478513) 
(0, 21487534) 
(0, 21496555) 
(0, 21505576) 
(0, 21514597) 
(0, 21523618) 
(0, 21532639) 
(0, 21541660) 
(0, 21550681) 
(0, 21559702) 
(0, 21568723) 
(0, 21577744) 
(0, 21586765) 
(0, 21595786) 
(0, 21604807) 
(0, 21613828) 
(0, 21622849) 
(0, 21631870) 
(0, 21640891) 
(0, 21649912) 
(0, 21659099) 
(0, 21668120) 
(0, 21677141) 
(0, 21686162) 
(0, 21695183) 
(0, 21704204) 
(0, 21713225) 
(0, 21722246) 
(0, 21731267) 
(0, 21740288) 
(0, 21749309) 
(0, 21758330) 
(0, 21767351) 
(0, 21776372) 
(0, 21785393) 
(0, 21794414) 
(0, 21803435) 
(0, 21812456) 
(0, 21821477) 
(0, 21830498) 
(0, 21839519) 
(0, 21848540) 
(0, 21857561) 
(0, 21866582) 
(0, 21875603) 
(0, 21884624) 
(0, 21893645) 
(0, 21902666) 
(0, 21911687) 
(0, 21920708) 
(0, 21929729) 
(0, 21938750) 
(0, 21947771) 
(0, 21956792) 
(0, 21965813) 
(0, 21974834) 
(0, 21983855) 
(0, 21992876) 
(0, 22001897) 
(0, 22010918) 
(0, 22019939) 
(0, 22028960) 
(0, 22037981) 
(0, 22047002) 
(0, 22056023) 
(0, 22065044) 
(0, 22074065) 
(0, 22083086) 
(0, 22092107) 
(0, 22101128) 
(0, 22110149) 
(0, 22119170) 
(0, 22128191) 
(0, 22137212) 
(0, 22146233) 
(0, 22155254) 
(0, 22164275) 
(0, 22173296) 
(0, 22182317) 
(0, 22191338) 
(0, 22200359) 
(0, 22209380) 
(0, 22218401) 
(0, 22227422) 
(0, 22236443) 
(0, 22245464) 
(0, 22254485) 
(0, 22263506) 
(0, 22272527) 
(0, 22281548) 
(0, 22290569) 
(0, 22299590) 
(0, 22308611) 
(0, 22317632) 
(0, 22326653) 
(0, 22335674) 
(0, 22344695) 
(0, 22353716) 
(0, 22362737) 
(0, 22371758) 
(0, 22380779) 
(0, 22389800) 
(0, 22398821) 
(0, 22407842) 
(0, 22416863) 
(0, 22425884) 
(0, 22434905) 
(0, 22443926) 
(0, 22452947) 
(0, 22461968) 
(0, 22470989) 
(0, 22480010) 
(0, 22489031) 
(0, 22498052) 
(0, 22507073) 
(0, 22516094) 
(0, 22525115) 
(0, 22534136) 
(0, 22543157) 
(0, 22552178) 
(0, 22561199) 
(0, 22570220) 
(0, 22579241) 
(0, 22588262) 
(0, 22597283) 
(0, 22606304) 
(0, 22615325) 
(0, 22624346) 
(0, 22633367) 
(0, 22642388) 
(0, 22651409) 
(0, 22660430) 
(0, 22669451) 
(0, 22678472) 
(0, 22687493) 
(0, 22696514) 
(0, 22705535) 
(0, 22714556) 
(0, 22723577) 
(0, 22732598) 
(0, 22741619) 
(0, 22750640) 
(0, 22759661) 
(0, 22768682) 
(0, 22777703) 
(0, 22786724) 
(0, 22795745) 
(0, 22804766) 
(0, 22813787) 
(0, 22822808) 
(0, 22831829) 
(0, 22840850) 
(0, 22849871) 
(0, 22858892) 
(0, 22867913) 
(0, 22876934) 
(0, 22885955) 
(0, 22894976) 
(0, 22903997) 
(0, 22913018) 
(0, 22922039) 
(0, 22931060) 
(0, 22940081) 
(0, 22949102) 
(0, 22958123) 
(0, 22967144) 
(0, 22976165) 
(0, 22985186) 
(0, 22994207) 
(0, 23003228) 
(0, 23012249) 
(0, 23021270) 
(0, 23030291) 
(0, 23039312) 
(0, 23048333) 
(0, 23057354) 
(0, 23066375) 
(0, 23075396) 
(0, 23084417) 
(0, 23093438) 
(0, 23102459) 
(0, 23111480) 
(0, 23120501) 
(0, 23129522) 
(0, 23138543) 
(0, 23147564) 
(0, 23156585) 
(0, 23165606) 
(0, 23174627) 
(0, 23183648) 
(0, 23192669) 
(0, 23201690) 
(0, 23210711) 
(0, 23219732) 
(0, 23228753) 
(0, 23237774) 
(0, 23246795) 
(0, 23255816) 
(0, 23264837) 
(0, 23273858) 
(0, 23282879) 
(0, 23291900) 
(0, 23300921) 
(0, 23309942) 
(0, 23318963) 
(0, 23327984) 
(0, 23337005) 
(0, 23346026) 
(0, 23355047) 
(0, 23364068) 
(0, 23373089) 
(0, 23382110) 
(0, 23391131) 
(0, 23400152) 
(0, 23409173) 
(0, 23418194) 
(0, 23427215) 
(0, 23436236) 
(0, 23445257) 
(0, 23454278) 
(0, 23463465) 
(0, 23472486) 
(0, 23481507) 
(0, 23490528) 
(0, 23499549) 
(0, 23508570) 
(0, 23517591) 
(0, 23526612) 
(0, 23535633) 
(0, 23544654) 
(0, 23553675) 
(0, 23562696) 
(0, 23571717) 
(0, 23580738) 
(0, 23589759) 
(0, 23598780) 
(0, 23607801) 
(0, 23616822) 
(0, 23625843) 
(0, 23634864) 
(0, 23643885) 
(0, 23652906) 
(0, 23661927) 
(0, 23670948) 
(0, 23679969) 
(0, 23688990) 
(0, 23698011) 
(0, 23707032) 
(0, 23716053) 
(0, 23725074) 
(0, 23734095) 
(0, 23743116) 
(0, 23752137) 
(0, 23761158) 
(0, 23770179) 
(0, 23779200) 
(0, 23788221) 
(0, 23797242) 
(0, 23806263) 
(0, 23815284) 
(0, 23824305) 
(0, 23833326) 
(0, 23842347) 
(0, 23851368) 
(0, 23860389) 
(0, 23869410) 
(0, 23878431) 
(0, 23887452) 
(0, 23896473) 
(0, 23905494) 
(0, 23914515) 
(0, 23923536) 
(0, 23932557) 
(0, 23941578) 
(0, 23950599) 
(0, 23959620) 
(0, 23968641) 
(0, 23977662) 
(0, 23986683) 
(0, 23995704) 
(0, 24004725) 
(0, 24013746) 
(0, 24022767) 
(0, 24031788) 
(0, 24040809) 
(0, 24049830) 
(0, 24058851) 
(0, 24067872) 
(0, 24076893) 
(0, 24085914) 
(0, 24094935) 
(0, 24103956) 
(0, 24112977) 
(0, 24121998) 
(0, 24131019) 
(0, 24140040) 
(0, 24149061) 
(0, 24158082) 
(0, 24167103) 
(0, 24176124) 
(0, 24185145) 
(0, 24194166) 
(0, 24203187) 
(0, 24212208) 
(0, 24221229) 
(0, 24230250) 
(0, 24239271) 
(0, 24248292) 
(0, 24257313) 
(0, 24266334) 
(0, 24275355) 
(0, 24284376) 
(0, 24293397) 
(0, 24302418) 
(0, 24311439) 
(0, 24320460) 
(0, 24329481) 
(0, 24338502) 
(0, 24347523) 
(0, 24356544) 
(0, 24365565) 
(0, 24374586) 
(0, 24383607) 
(0, 24392628) 
(0, 24401649) 
(0, 24410670) 
(0, 24419691) 
(0, 24428712) 
(0, 24437733) 
(0, 24446754) 
(0, 24455775) 
(0, 24464796) 
(0, 24473817) 
(0, 24482838) 
(0, 24491859) 
(0, 24500880) 
(0, 24509901) 
(0, 24518922) 
(0, 24527943) 
(0, 24536964) 
(0, 24545985) 
(0, 24555006) 
(0, 24564027) 
(0, 24573048) 
(0, 24582069) 
(0, 24591090) 
(0, 24600111) 
(0, 24609132) 
(0, 24618153) 
(0, 24627174) 
(0, 24636195) 
(0, 24645216) 
(0, 24654237) 
(0, 24663258) 
(0, 24672279) 
(0, 24681300) 
(0, 24690321) 
(0, 24699342) 
(0, 24708363) 
(0, 24717384) 
(0, 24726405) 
(0, 24735426) 
(0, 24744447) 
(0, 24753468) 
(0, 24762489) 
(0, 24771510) 
(0, 24780531) 
(0, 24789552) 
(0, 24798573) 
(0, 24807594) 
(0, 24816615) 
(0, 24825636) 
(0, 24834657) 
(0, 24843678) 
(0, 24852699) 
(0, 24861720) 
(0, 24870741) 
(0, 24879762) 
(0, 24888783) 
(0, 24897804) 
(0, 24906825) 
(0, 24915846) 
(0, 24924867) 
(0, 24933888) 
(0, 24942909) 
(0, 24951930) 
(0, 24960951) 
(0, 24969972) 
(0, 24978993) 
(0, 24988014) 
(0, 24997035) 
(0, 25006056) 
(0, 25015077) 
(0, 25024098) 
(0, 25033119) 
(0, 25042140) 
(0, 25051161) 
(0, 25060182) 
(0, 25069203) 
(0, 25078224) 
(0, 25087245) 
(0, 25096266) 
(0, 25105287) 
(0, 25114308) 
(0, 25123329) 
(0, 25132350) 
(0, 25141371) 
(0, 25150392) 
(0, 25159413) 
(0, 25168434) 
(0, 25177455) 
(0, 25186476) 
(0, 25195497) 
(0, 25204518) 
(0, 25213539) 
(0, 25222560) 
(0, 25231581) 
(0, 25240602) 
(0, 25249623) 
(0, 25258644) 
(0, 25267831) 
(0, 25276852) 
(0, 25285873) 
(0, 25294894) 
(0, 25303915) 
(0, 25312936) 
(0, 25321957) 
(0, 25330978) 
(0, 25339999) 
(0, 25349020) 
(0, 25358041) 
(0, 25367062) 
(0, 25376083) 
(0, 25385104) 
(0, 25394125) 
(0, 25403146) 
(0, 25412167) 
(0, 25421188) 
(0, 25430209) 
(0, 25439230) 
(0, 25448251) 
(0, 25457272) 
(0, 25466293) 
(0, 25475314) 
(0, 25484335) 
(0, 25493356) 
(0, 25502377) 
(0, 25511398) 
(0, 25520419) 
(0, 25529440) 
(0, 25538461) 
(0, 25547482) 
(0, 25556503) 
(0, 25565524) 
(0, 25574545) 
(0, 25583566) 
(0, 25592587) 
(0, 25601608) 
(0, 25610629) 
(0, 25619650) 
(0, 25628671) 
(0, 25637692) 
(0, 25646713) 
(0, 25655734) 
(0, 25664755) 
(0, 25673776) 
(0, 25682797) 
(0, 25691818) 
(0, 25700839) 
(0, 25709860) 
(0, 25718881) 
(0, 25727902) 
(0, 25736923) 
(0, 25745944) 
(0, 25754965) 
(0, 25763986) 
(0, 25773007) 
(0, 25782028) 
(0, 25791049) 
(0, 25800070) 
(0, 25809091) 
(0, 25818112) 
(0, 25827133) 
(0, 25836154) 
(0, 25845175) 
(0, 25854196) 
(0, 25863217) 
(0, 25872238) 
(0, 25881259) 
(0, 25890280) 
(0, 25899301) 
(0, 25908322) 
(0, 25917343) 
(0, 25926364) 
(0, 25935385) 
(0, 25944406) 
(0, 25953427) 
(0, 25962448) 
(0, 25971469) 
(0, 25980490) 
(0, 25989511) 
(0, 25998532) 
(0, 26007553) 
(0, 26016574) 
(0, 26025595) 
(0, 26034616) 
(0, 26043637) 
(0, 26052658) 
(0, 26061679) 
(0, 26070700) 
(0, 26079721) 
(0, 26088742) 
(0, 26097763) 
(0, 26106784) 
(0, 26115805) 
(0, 26124826) 
(0, 26133847) 
(0, 26142868) 
(0, 26151889) 
(0, 26160910) 
(0, 26169931) 
(0, 26178952) 
(0, 26187973) 
(0, 26196994) 
(0, 26206015) 
(0, 26215036) 
(0, 26224057) 
(0, 26233078) 
(0, 26242099) 
(0, 26251120) 
(0, 26260141) 
(0, 26269162) 
(0, 26278183) 
(0, 26287204) 
(0, 26296225) 
(0, 26305246) 
(0, 26314267) 
(0, 26323288) 
(0, 26332309) 
(0, 26341330) 
(0, 26350351) 
(0, 26359372) 
(0, 26368393) 
(0, 26377414) 
(0, 26386435) 
(0, 26395456) 
(0, 26404477) 
(0, 26413498) 
(0, 26422519) 
(0, 26431540) 
(0, 26440561) 
(0, 26449582) 
(0, 26458603) 
(0, 26467624) 
(0, 26476645) 
(0, 26485666) 
(0, 26494687) 
(0, 26503708) 
(0, 26512729) 
(0, 26521750) 
(0, 26530771) 
(0, 26539792) 
(0, 26548813) 
(0, 26557834) 
(0, 26566855) 
(0, 26575876) 
(0, 26584897) 
(0, 26593918) 
(0, 26602939) 
(0, 26611960) 
(0, 26620981) 
(0, 26630002) 
(0, 26639023) 
(0, 26648044) 
(0, 26657065) 
(0, 26666086) 
(0, 26675107) 
(0, 26684128) 
(0, 26693149) 
(0, 26702170) 
(0, 26711191) 
(0, 26720212) 
(0, 26729233) 
(0, 26738254) 
(0, 26747275) 
(0, 26756296) 
(0, 26765317) 
(0, 26774338) 
(0, 26783359) 
(0, 26792380) 
(0, 26801401) 
(0, 26810422) 
(0, 26819443) 
(0, 26828464) 
(0, 26837485) 
(0, 26846506) 
(0, 26855527) 
(0, 26864548) 
(0, 26873569) 
(0, 26882590) 
(0, 26891611) 
(0, 26900632) 
(0, 26909653) 
(0, 26918674) 
(0, 26927695) 
(0, 26936716) 
(0, 26945737) 
(0, 26954758) 
(0, 26963779) 
(0, 26972800) 
(0, 26981821) 
(0, 26990842) 
(0, 26999863) 
(0, 27008884) 
(0, 27017905) 
(0, 27026926) 
(0, 27035947) 
(0, 27044968) 
(0, 27053989) 
(0, 27063010) 
(2, 1804200) 
(2, 3608566) 
(2, 5412932) 
(2, 7217298) 
(2, 9021664) 
(2, 10826030) 
(2, 12630396) 
(2, 14434762) 
(2, 16239128) 
(2, 18043494) 
(2, 19847860) 
(2, 21652226) 
(2, 23456592) 
(2, 25260958) 
(2, 27065324) 
