100 80
83.86 76.04 28.89 70.99 72.22 93.34 13.91 3.61 34.69 23.03 36.27 38.23 46.12 44.94 96.09 27.51 23.84 69.66 14.51 2.55 22.72 79.6 17.55 86.77 18.15 43.78 24.87 78.51 53.85 76.03 89.38 89.18 79.76 36.44 89.87 85.36 64.13 4.09 33.26 54.63 62.71 10.15 38.44 49.97 27.95 18.93 24.69 38.41 4.92 64.38 37.1 81.56 76.96 9.91 22.3 45.01 91.74 54.23 57.27 90.03 13.38 30.77 98.22 32.6 95.1 9.51 23.89 96.34 43.43 51.27 30.57 77.64 80.69 54.05 59.31 16.83 18.47 56.83 52.56 97.34
77.15 43.63 72.08 17.39 54.35 39.34 38.7 25.42 96.15 0.2 6.99 93.34 55.93 18.72 45.11 96.82 72.3 96.51 14.52 3.77 30.57 77 71.79 46.49 26.99 31.11 46.57 73 49.74 26.23 23.6 86.58 82.58 77.76 76.84 10.94 38.31 45.3 34.01 55.08 49.6 94.45 33.18 81.98 30.08 60.52 36.38 35.98 57.14 54.1 56.67 52.19 22.84 73.45 98.49 63.91 93.21 9.24 72.49 20.03 99.88 55.95 75.5 84 71.12 73.49 84.48 17.58 60.89 43.49 92.7 71.3 59.06 6 75.36 40.15 22.74 92.04 7.8 66.6
93.35 13.38 58.98 69.63 21.57 21.59 21.67 16.39 84.96 0.42 97.16 26.01 42 4.72 26.8 10.94 75.79 77.75 40.41 93.85 81.45 60.46 33.68 44.21 72.65 26.04 28.69 97.02 0.72 73.32 53.65 23.36 28.34 61.74 17.24 36.6 79.28 98.67 95.42 69.63 91.72 0.82 65.28 86.18 80.47 85.92 78.86 38.75 5.89 19.79 12.62 5.35 20.4 4.41 9.3 92.5 46.24 84.36 23.12 84.32 37.53 86.23 57.47 97.85 71.79 69.76 65.56 58.98 28.78 41.7 82.31 47.4 74.6 94.27 29.45 65.39 75.93 45.2 40.13 57.03
86.92 6.4 36.08 22.94 65.47 85.57 29.71 74.44 24.82 52.12 60.39 45.25 50.2 47.67 2.12 98.92 94.84 5.26 30.53 75.11 66.53 97.38 93.99 84.45 81.46 89.12 97.54 25.02 88.64 32.43 27.26 26.77 3.22 31.9 57.07 46.39 71.45 5.28 86.63 5.81 88.83 17.4 33.71 90.94 43.16 49.89 4.87 22.56 1.92 75.16 36.29 68.68 67.06 57.32 25.89 81.77 47.5 84.9 56.95 0.62 72.63 92.06 27.17 57.02 35.29 11.01 35.07 28.88 96.98 37.38 75.38 77.72 14.98 62.78 68.98 84.96 28.28 23.19 37.5 8.56
49.21 4.18 53.48 73.47 71.76 54.61 80.43 96.3 65.51 4.07 70.67 94.66 89.28 39.19 32.52 82.53 59.91 53.3 64.9 98.01 92.41 24.54 84.82 56.37 60.94 87.96 67.67 73.31 45.81 24.25 64.71 83.6 86.28 44.03 76.42 24.86 96.76 78.72 87.82 88.59 42.89 28.19 63.61 79.65 54.1 54.62 97.71 67.52 68.81 65.16 46.02 0.95 19.6 72.76 1.62 44.62 88.76 83.1 73.7 47.83 70.83 5.23 46.31 76.79 56.39 24.99 64.66 86.69 81.76 46.57 6.65 42.49 52.93 25.48 4.52 28.9 61.32 61.9 46.01 99.93
62.27 28.88 3.33 31.62 69.18 62.72 95.99 67.94 16.61 59.58 86.86 6.89 50.49 93.09 57.03 53.02 49.09 72.25 54.3 27.06 70.58 0.71 55.19 91.16 63.81 35.52 11.88 22.78 93.42 44.43 80.47 67.94 12.21 8.86 52.03 43.48 44.3 48.87 13 8.14 8.13 33.74 43.94 47.6 78.05 28.45 35.22 82.59 52.14 54.97 56.52 33.26 90.47 41.64 3.62 18.47 0.75 55.54 13.74 0.27 64.6 7.04 84.06 73.83 0.04 71.68 17.96 19.76 96.77 94.06 54.99 62.53 85.39 57.89 87.93 63.8 74.99 28.23 29.81 43.41
90.59 69.17 33.48 82.9 1.03 41.16 24.88 13.57 43.37 25.94 8.67 56.47 56.37 48.54 46.61 47.52 73.74 29.88 86.72 18.42 38.85 89.31 34.91 85.24 55.45 41.75 22.11 80.36 53.96 53.94 62.75 58.12 98.13 1.69 90.4 66.98 14.64 45.81 34.74 39.63 34.38 34.36 5.78 78.73 85.93 12.4 97.97 60.46 81.47 54.1 53.99 14.14 4.51 8.11 95.46 85.46 88.57 60.32 36.95 89.22 41.06 94.65 3.11 52.08 68.13 84.34 20.55 65.01 82.58 21.76 7.39 76.75 49.53 84.96 77.71 61.26 56.32 96.61 94.24 16.54
63.26 17.96 90.54 92.91 53.33 52.5 54.86 19.6 87.61 17.58 77.66 95.26 42.41 70.28 60.5 54.55 81.02 72.43 62.87 74.67 16.24 78.81 88.94 81.49 43.53 4.7 9.83 38.2 83.85 25.06 41.72 36.42 76.35 18.99 0.35 34.99 50.53 59.59 55.17 84.03 27.04 41.88 89.07 20.57 20.65 41.66 97.67 70.7 36.05 57.99 47.45 68.53 8.28 35.81 43.89 27.71 77.46 74.14 36.31 28.76 82.68 46.91 59.17 12.41 61.19 15.25 20.57 73.31 18.23 63.12 39.81 20.58 58.75 3.82 32.21 7.36 10.36 91.33 56.67 11.36
40.26 24.43 67.46 57.15 7.59 62.82 69.32 50.92 2.81 36.9 36.35 84.03 14.24 50.55 27.52 14.91 35.37 18.76 72.97 47.53 39.92 4.79 71.07 87.9 96.95 42.84 47.07 23.17 95.57 25.54 67.4 8.69 80.78 70.78 77.8 13.16 75.29 59.84 58.49 45.36 73.37 69.28 2.64 82.51 16.48 7.95 71.32 52.14 85 90.69 5.07 65.8 16.09 20.4 96.51 57.04 39.5 76.26 4.55 42.1 36.27 69.4 30.28 56.8 35.37 90.01 54.45 53.44 43.45 65.41 61.28 5.64 54.82 52.17 74.2 27.97 61.8 93.3 83.06 30.76
72.36 70.83 68.29 21.57 28.06 99.17 69.1 32.76 60.88 60.26 93.37 60.4 58.54 59.5 53.71 86.38 72.66 61.86 25.21 23.03 83.72 91.27 97.89 80.81 54.89 17.74 82.13 21.7 77.43 99.41 68.47 45.52 71.98 60.65 6.71 71.28 76.27 66.76 38.27 90.83 38.04 32.1 67.6 22.04 92.07 53.13 64.44 96.3 71.46 51.7 94.87 97.11 83.16 4.18 23.18 34.25 31.09 87.31 34.54 56.11 92.05 70.01 23.72 91.59 4.39 61.23 58.75 46.04 97.11 94.26 82.95 19.41 40.71 98.72 83.64 35.69 6.95 53.57 99.14 44.54
11.68 90.99 0.46 74.91 97.2 54.73 73.3 79.9 79.2 14.73 46.19 82.55 9.58 29.31 40.57 60.44 20.01 26.01 89.6 67.77 77.72 79.07 94.3 91.91 63.68 2.46 4.22 46.43 5.61 39.65 25.03 42.81 75.5 70.45 66.38 64.06 93.53 45.51 40.62 74.46 83.67 65.46 15.45 65.68 21.98 75.64 62.24 29.66 59.19 64.52 91.65 46.91 71.88 24.43 76.4 82.14 9.63 24.93 26.33 15.17 69.54 37.24 69.84 89.31 78.59 63.88 94.73 70.05 56.67 80.72 25.17 49.46 28.07 12.46 32.18 39.13 98.49 56.02 73.31 84.98
67.29 72.25 88.97 47.51 84.08 15.06 33.63 53.35 41.93 37.65 67.12 73.48 64.54 48.42 84.48 28.88 74.11 23.94 20.76 18.69 32.38 11.94 58.37 53.07 35.58 53.29 94.2 33.4 25.59 36.3 22.98 29.03 1.37 10.88 56.8 88.1 12.93 9.24 51.59 71.94 74.51 1.04 2.77 94.83 54.69 15.47 69.89 61.69 60.5 25.92 92.53 76.16 94.73 84.75 88.31 77.47 11.09 73.61 76.77 18.49 21.54 84.43 13.59 17.19 30.78 12.69 51.55 65.3 60.24 32.42 57.94 89.62 64.64 64.45 69.72 13.75 80.56 79.02 6.36 85.67
82.3 44.9 49.9 31.21 34.98 51.64 87.79 95.98 24.28 48.21 96.34 95.9 81.19 88.77 10.11 83.45 45.43 70.89 42.1 26.94 42.06 54.02 85.04 26.01 56.1 50.16 1.84 25.4 84.63 74.21 69.17 58.67 50.06 46.22 67.36 7.34 18.9 74.71 78.84 13.51 91.39 31.7 84.11 37.3 92.07 65.97 64.08 56.95 48.6 23.28 68.17 0.61 83.48 29.07 4.6 34.62 62.98 51.51 25.41 30.21 89.76 95.08 87.27 87.59 94.27 22.61 96.3 10.71 40.6 13.91 34.22 94.06 43.64 84.68 17.77 68.05 47.23 73.39 28.98 26.56
62.23 5.39 3.33 37.4 91.76 90.63 94.49 7.41 35.08 20.09 40.17 5.46 16.18 6.68 48.37 22.34 15.67 96.18 92.24 46.64 82.91 88.14 60.89 68.47 87.59 63.29 78.37 3.66 31.87 58.24 23.6 77.36 77.87 45.8 56.9 5.33 86.47 38.56 85.78 68.54 26.45 34.75 91.09 66.53 81.65 19.71 95.42 99.4 21.14 19.33 2.41 51.58 92.59 73.51 6.6 29.9 19.4 15.3 92.82 61.71 16.55 84.53 0.6 97.97 67.59 45.11 35.76 79.71 48.45 58.74 17.85 82.16 45.08 40.22 23.07 63.2 51.62 71.5 85.67 33.54
67.35 54.86 63.97 54.3 98.15 91.72 99.51 37.7 62.42 63 95.74 66.67 60.99 54.08 13.54 37.44 47.43 62.96 9.29 5.24 86.5 29.03 82.58 73.87 65.67 86.98 72.53 60.2 28.24 62.69 72.02 65.95 26.57 99.92 68.8 44.12 86.01 93.61 60.22 68.93 73.54 74.19 75.84 5.7 45.3 52.28 15.84 87.37 8.42 1.06 9.09 51.41 66.56 13.75 27.48 56.79 37.66 29.27 48.17 86.34 69.77 95.66 97.38 49.03 19.31 95.43 95.95 18.03 24.89 65.37 90.35 26.86 91.61 81.87 20.29 51.84 71.84 21.61 71.37 81.46
29.02 69.82 53.92 98.25 52.71 37.37 39.64 76.4 70.96 32.86 50.31 63.04 63.06 69.98 77.61 7.65 93.22 24.32 69.75 72.6 18.09 79.08 20 11.59 46.83 57.29 92.96 12.38 36.33 9.38 55.13 7.54 15.05 81.87 94.58 72.81 83.5 74.49 0.45 55.23 89.36 47.85 72.65 32.06 38.73 11.71 65.92 94.77 17.12 21.17 23.47 5.84 0.42 76.75 97.01 25.02 8.28 98.83 97.06 48.77 59.35 84.77 11.95 95.33 84.66 1.04 45.18 59.15 77.2 6.16 32.72 93.03 7.23 1.87 21.31 91.67 62.41 79.29 89.24 76.31
22.58 42.64 86.25 81.16 89.59 59.28 42.3 84.01 63.66 4.33 2.08 90.08 63.18 3.87 63.74 96.55 80.17 63.2 80.83 79.27 22.48 63.56 13.91 64.1 83.72 76.88 41.38 23.85 10.37 73.35 40.78 13.46 33.98 88.1 19.22 0.35 14.21 70.72 48.86 57.62 25.91 34.94 28.05 68.14 25.2 73.71 5.01 78.29 86.74 96.28 71.8 98.09 4.74 66.02 78.96 80.4 93.01 2.59 44.21 89.2 67.58 44.91 13.87 64.31 93.56 46.26 36.81 38.76 32.37 65.01 93.77 51.16 82.66 44.6 60.96 67.32 84.84 96.72 94.96 32.94
69.67 97.07 52.96 16.02 6.1 71.8 86.15 83 11 58.56 30.51 90.68 99.05 70.07 24.42 47.06 4.07 35.4 27.2 37.25 18.55 60.75 31.46 8.6 34.07 40.54 54.21 39.2 7.1 13.98 25.46 13.89 16.14 16.49 94.88 76.88 33.45 79.21 47.95 83.78 96.16 82.86 35.46 5.06 81.57 23.1 82.83 75.69 78.91 27.68 66.36 3.03 78.24 72.22 50.39 45.72 2.39 59.86 7.2 80.74 23.56 24.82 45.7 33.13 78.65 5.15 19.53 73.96 9.12 17.58 43.27 33.98 30.09 39.38 20.9 35.84 68.59 33.42 56.34 43.89
93.56 55.04 75.88 31.39 16.24 87.56 49.15 92.09 15.87 27.1 25.42 61.35 70.01 11.69 54.26 49.97 96.98 47.92 24.09 64.64 45.84 54.1 12.76 31.44 38.15 92.3 59.51 39.16 10.96 67.45 96.52 82.39 32.19 85.47 47.03 95.74 49.56 91.36 80.85 77.41 63.36 76.99 86.68 84.95 19.76 16.24 87.86 57.97 15.79 7.54 94.54 44.24 14.98 43.82 78.27 90.79 77.49 47.95 33.63 52.81 12.48 14.16 86.72 68.43 87.14 2.68 89.54 26.53 16.57 71.55 8.7 56.62 79.96 87.01 41.88 71.19 78.96 44.09 9.93 98.51
11.42 48.11 57.29 96.04 9.39 90.41 86.81 96.4 34.32 68.31 90.47 93.55 77.11 26.03 54.39 50.83 91.08 18 74.88 36.15 8.89 14.78 46.96 57.87 53.5 18.31 27.27 74.12 27.07 94.43 72.6 66.18 36.19 92.81 95.75 27.71 43.45 49.21 58.67 12.66 99.57 27.04 17.01 1.64 73.74 99.7 70.36 25.24 35.36 84.72 65.4 24.96 83.33 6.15 80.31 1.35 90.66 77.3 67.06 36 19.34 40.71 39.33 16.96 94.43 16.79 60.53 37.12 10.49 48.69 17.66 23.99 7.83 68.12 40.45 32.99 39.91 13.05 36.08 46.97
29.73 22.28 36.6 38.8 0.78 70.52 11.34 39.63 90.5 69.28 61.76 1.51 29.28 40.71 78.64 2.03 89.93 22.43 99.8 66.15 78.79 64.14 58.53 33.49 9.16 78.05 70.38 47.96 29.72 23.9 23.53 51.85 99.49 3.52 97 60.23 85.87 8.97 20.23 0.2 77.07 18.12 29.12 12 38.03 87.8 58.57 1.07 12.39 70.9 56.73 19.57 58.25 10.47 89.83 41.2 25.42 6.84 33.8 16.36 31.36 39.47 56.76 74.89 5.46 20.87 72.78 74.56 33.06 12.43 35.71 12.37 42.93 1.77 92.79 61.96 29.65 99.41 46.65 96.41
21.19 99.43 14.21 18.21 9.53 65.11 33.87 35.04 93.33 41.46 34.69 44.1 12.86 64.88 42.25 38.5 17.62 25.04 70.38 21.84 47.16 50.53 67.45 55.18 83.64 84.19 67.93 90.27 2.34 87.28 7.37 12.09 92.49 67.56 78.88 20.26 27.51 8.05 19.06 80.39 23.11 30.04 95.86 24.91 31.23 15.51 59.55 83.62 50.94 21.76 45.1 75.34 33.63 32.19 93.36 34.78 41.66 85.18 32.22 27.57 46.72 75.85 91.11 79.79 99.73 47.04 1.92 40.39 78.15 75.33 65.94 4.4 23.91 53.85 91.7 32.22 42.37 80.95 41.93 38.12
84.37 46.68 60.04 70.62 81.14 69.17 22.87 73.06 39.8 74.58 95.63 51.91 17.55 26.86 77.02 55.92 67.5 83.5 52.32 9.95 64.15 98.8 44.56 25.88 61.78 80.4 2.28 85.81 69.37 84.64 80.01 49 62.2 21.37 92.3 73.06 51.3 30.68 97.75 83.16 98.5 0.72 42.36 74.96 49.03 20.09 54.08 5.06 38.38 0.78 24.92 23.43 77.41 59.19 82.36 18.13 51.18 68.11 27.68 11.56 94.28 65.21 87.51 50.44 12.12 74.14 33.22 9.66 64.96 71.9 62.56 12.77 98.33 74.56 3.75 74.39 97.04 54.71 90.49 95.02
98.24 40.22 28.27 12.79 38.89 61.83 73.43 64.23 94.93 5.1 35.31 88.35 79.83 16.76 27.04 5.21 16.54 47.01 25.76 52.57 93.55 87.54 91.67 67.12 69.1 42.23 28.49 99.6 19.64 34.09 61.47 4.57 84.94 55.91 23.69 25.86 4.79 64.89 23.08 94.81 15.71 92.69 94.97 0.08 41.17 17.8 75.77 32.09 99.23 28.91 7.29 39.88 43.45 52.79 25.3 49.75 12.9 32.44 5.32 86.05 93.31 77.34 28.69 20.58 44.47 81.16 2.4 71.62 90.59 97.88 75.75 99.69 66.53 20.78 43.29 10.02 73.1 80.47 12.73 49.77
15.7 11.1 50.48 77.85 26.67 51.12 19.42 51.49 13.54 1.65 51.8 47.48 79.89 41.27 54.8 35.91 87.4 78.08 82.51 1.27 7.76 59.78 63.88 78.99 74.24 76.59 35.1 50.73 94.48 18.85 41.29 69.49 98.55 15.15 63.81 22.49 11.32 52.31 24.13 5.84 39.06 52.76 52.13 47.74 51.33 56.23 93.39 72.8 38.22 0.79 51.54 76.37 50.26 59.09 87 69.36 68.95 38.72 75.39 18.42 7.85 14.99 31.51 24.63 50.49 15.42 19.12 62.69 94.39 83.92 37.57 93.18 68.07 26.7 95.26 88.45 37.31 1.34 55.12 78.45
13.26 5.01 56.02 36.04 47.23 0.06 54.44 51.3 82.44 89.67 20.97 75.81 37.89 78.22 75.46 11.95 72.59 87.04 98.71 60.2 79.85 33.38 9.09 46.69 99.89 49.31 15.92 30.96 7.52 51.57 46.66 62.64 44.25 57.38 92.29 66.38 58.04 66.97 87.65 16.79 28.22 31.17 57.67 12.65 25.73 45.83 22.55 91.01 70.5 13.64 68.42 99.22 13.21 50.83 48.15 52.51 52.29 75.62 38.01 68.33 36.76 87.51 41 18.65 38.8 39.31 67.14 19.33 71.02 14.63 70.62 62.42 24.96 50.9 93.79 23.27 58.35 4.09 87.8 32.14
91.8 61.3 94.97 76.83 87.31 38.67 24.39 39.04 75.23 90.26 0.88 56 47.53 59.26 90.6 88.39 41.46 62.62 63.7 56.31 1.11 37.45 19.19 91.51 44.34 57.02 84.09 68.15 61.32 2.87 84.2 30.91 57.45 61.67 19 55.06 86.7 82.27 76.38 31.87 73.54 22.33 58.59 43.59 32.79 87.61 15.91 46.52 41.82 83.91 19.6 80.28 66.08 4.34 41.88 50.29 58.63 65.01 25.14 11.86 39.09 23.72 87.06 94.35 60.69 82.03 85.7 74.84 7.83 16.99 27.8 64.51 66.4 16.66 45.63 59.89 32.9 88.36 43.45 95.17
56.73 78.05 99.43 7.59 32.22 64.89 59.63 65.86 38.51 32.38 61.96 29.51 95.8 65.99 94 83.23 23.38 51.32 47.57 90.82 75.95 84.44 98.56 28.69 48.01 60.59 64.85 36.93 11.45 39.76 16.53 19.41 62.07 78.59 10.86 0.14 50.04 74.09 76.06 25.96 26.16 21.05 44.42 48.32 42.76 31.53 96.8 71.54 52.41 8.58 95.87 90.33 46.02 59.33 98.97 98.84 91.2 75.69 31.5 83.41 83.28 46.7 11.75 85.34 59.54 0.57 69.82 63.85 26.47 57.29 8.13 56.1 12.61 36.52 51.14 55.27 91.79 12.61 69.23 81.74
62.7 20.36 39.02 57.44 81.75 32.54 18.53 2.25 51.73 99.05 74.01 42.34 24.11 4.23 23.42 36.57 42.38 51.47 32.91 25.88 69.1 99.73 23.58 4.97 96.35 71.75 46.43 56.92 95.94 60.98 89.39 10.49 4.92 41.23 89.66 92.05 61.36 50.64 23.13 91.45 93.52 55.07 22.35 41.67 38.23 58.5 51.92 47.22 42.26 19.28 29.5 41.41 8.91 93.84 48.56 91.79 13.1 52.9 8.23 7.96 85.99 32.31 86.64 46.34 48.26 16.45 1.56 8.94 43.74 90.16 2.25 10.38 5.1 86.76 92.74 94.7 13.42 75.83 95.54 25.66
96.81 44.26 28.03 99.11 50.79 4.75 12.69 79.91 11.65 0.62 14.69 49.6 99.84 67.58 90.88 58.26 5.89 2.66 34.41 46.83 86.56 58.28 98.06 68.77 60.61 88.57 74.18 11.68 84.75 52.23 65.13 77.75 46.3 39.92 28.57 47.89 3.99 17.96 84.35 50.59 61.67 81.3 3.98 37.98 42.83 76.1 74.19 94.34 7.51 43.2 28.91 91.92 61.74 37.58 58.75 74.99 12.5 99.81 85.56 64.46 35.07 24.27 87.83 31.96 14.67 68.11 10.48 56.26 45.67 3.55 50.92 27.36 69.48 74.67 74.64 47.45 41.84 11.48 42.67 28.07
5.25 22.65 0.81 27.5 90.54 79.41 5.04 47.07 68.81 57.32 28.16 1.64 11.14 32.88 96.19 2.65 82.5 43.26 21.03 12.7 12.57 28.37 16.18 84.79 55.58 73.45 48.66 64.23 19.2 19.61 41.2 44.37 49.62 68.72 98.23 69.72 90.86 78.92 35.36 38.58 6.03 26.8 71.76 37.7 6.32 31.87 28.39 59.88 20.25 86.64 11.04 35.97 47.61 11.13 56.55 58.51 77.73 69.49 41.82 31.12 28.94 49.6 2.99 38.78 9.98 40.7 51.55 97.67 15.22 53.09 13.35 25.72 23.28 16.76 3.95 54.91 79.04 97.43 92.32 12.57
84.27 8.16 47.38 36.6 50.31 12.38 33.99 84.31 13.83 48.61 52.82 64.43 43.26 8.87 49.12 91.5 63.14 50.58 16.53 43.91 17.86 89.91 58.82 89 96.9 38.01 15.41 58.88 8.29 61.92 26.81 29.1 87.34 80.56 15.17 70.21 1.56 45 81.35 82.95 3.31 67.12 15 5.57 8.31 33.56 11.34 11.38 15.06 89.82 90.35 76.33 68.03 85.29 28.34 1.9 31.7 17.23 14.85 23.2 42.95 5.93 78.15 81.54 33.03 67.86 19.4 41.35 39.99 71.7 64.58 39.28 72.06 6.6 96.16 65.73 77.63 78.93 43.38 90.44
36.05 82.58 59.51 18.05 13.57 69.36 34.19 61.19 99.77 17.07 25.82 72.55 84.42 76.3 93.25 20.9 67.67 98.37 38.96 49.32 57.35 46.49 61.41 89.49 31.3 86.31 57.21 8.49 58.68 48.75 51.04 35.42 60.03 35.96 97.61 7.46 8.86 16.25 75.8 72.66 94.51 74.49 33.51 84.1 4.42 10.08 92.45 69.38 99.94 92.16 84.56 6.31 35.99 15.58 3.78 44.99 26.33 8.28 3.21 32.55 53.17 51.81 38.23 61.67 6.64 48.24 89.38 95.66 60 10.88 12.59 89.24 95.54 36.45 91.68 23 40.45 67.63 28.99 51.33
46.29 24.37 35.34 63.49 94.81 70.56 15.35 31.53 35.14 69.97 33.02 11.33 32.07 94.39 54.48 8.22 21.16 50.98 26.63 16.66 41.03 18 28.73 60.73 97.21 55.3 62.68 8.99 91.2 43.15 79.47 99.69 48.44 58.2 5.96 9.54 54.09 21.07 31.55 74.5 47.09 99.51 46.19 64.68 41.23 19.26 17.8 59.26 97.67 2 71.78 88.03 27.5 51.58 25.81 63.34 61.04 10.55 5.36 46.37 4.17 76.17 37.76 67.81 68.93 1.03 93.78 84.21 11.28 80.34 85.72 26.97 67.26 51.75 58.85 9.46 74.7 87.11 24.9 34.49
13.57 62.24 39.92 44.11 81.03 44.6 87.53 28.27 64.69 69.38 77.23 42.56 96.61 51.72 51.6 88.58 65.65 29.69 5.52 97.04 72.49 59.32 18.26 94.18 97.5 13.73 24.41 65.35 64.18 72.89 56.52 33.17 74.37 95.02 64.53 20.89 94.97 13.22 17.41 7.86 39.98 0.78 19.15 57.17 18.14 33.7 32.4 35.84 25.84 71.38 11.88 55.12 97.1 92.58 57.06 78.64 34.03 24.39 36.24 88.34 65.75 98.68 48.77 62.35 78.14 92.7 44.54 71.21 58.21 95.29 29.54 86.01 2.74 98.19 56.5 71.41 42.66 72.52 45.6 36.32
24.95 0.36 15.27 5.34 20.33 49.14 69.5 94.19 46.07 28.39 49.9 40.96 18.25 42.92 87.82 57.9 24.06 98.04 3.57 81.63 92.5 79.23 70.28 12.27 23.59 62.91 95.95 64.12 27.45 59.47 7.32 87.84 15.73 1.98 72.62 25.32 7.79 29.74 23.37 68.59 66.16 7.18 72.01 84.69 49.57 48.72 68.9 3.37 3.38 24.93 71.19 99.27 35.07 26.02 12.98 21.71 70.11 86.82 94.22 37.56 3.48 88.89 9.04 77.36 88.83 82.12 84.16 85.45 29.43 3.08 90.16 48.5 9.44 39 82.01 46.33 61.23 68.23 50.91 98.33
82.45 52.99 4.29 91.75 82.81 65.14 87.02 43.81 72.91 18.7 51.35 59.36 41.31 44.06 24.29 61.95 58.41 12.76 32.26 71.54 80.4 99.29 80.37 19.2 18.06 79.98 80.15 83.54 91.29 79.98 57.67 54.51 38.07 54.2 5.02 64.97 84.86 20.37 65.94 58 6.89 42.38 79.67 17.08 70.32 50.16 97.27 43.86 75.53 28.98 61.16 22.26 88.68 5.58 41.05 36.07 45.63 23.23 56.26 23.16 11.49 16.63 53.53 77.56 60.87 9.29 32.85 29.78 27.07 72.31 26.07 91.05 19.84 97.92 81.73 89.3 31.56 45.49 25.91 73.37
14.67 79.5 49.64 55.14 87.15 26.86 37.62 23.68 40.11 85.92 60.46 58.1 63.1 80.22 59.02 40.68 20.25 8.47 95.36 99.81 18.97 29.97 73.76 46.96 75.31 63.59 40.82 91.68 79.12 75.15 69.89 46.04 22.52 54.76 50.97 59.37 83.87 79.02 95.62 50.94 80.56 74.42 87.22 12.43 80.19 23.23 97.04 51.48 32.14 22.29 81.85 13.45 22.65 73.64 34.23 49.54 77.96 0.43 44.84 66.34 73.06 75.81 15.4 15.27 8.72 68.83 60.17 37.38 59.44 93.95 63.88 91.03 35.18 37.23 71.84 55.64 60.29 71 36.67 97.68
34.64 68.71 85.29 89.68 96.25 83.39 89.1 87.39 23.87 80.42 99.47 28.46 86.94 93.49 83.86 40.97 91.88 78.55 58.2 1.51 55.11 9.16 45.65 8.65 84.45 90.05 43.68 87.43 67.5 62.61 68.31 51.5 27.59 57.62 85.25 55.84 16.39 57.96 69.19 16.44 91.47 62.67 55.33 56.13 35.73 25.92 36.72 44.35 43.83 76.5 60.89 70.52 61.65 77.26 41.12 20.51 33.41 86.84 46.49 24.52 77.66 36.04 56.95 0.35 0.04 43.5 59.14 44.08 55.01 73.43 64.9 82.9 70.54 1.57 1.14 69.18 60.85 72.51 93.49 91.46
43.5 73.31 43.35 93.18 4.22 69.35 5.6 43.38 57.36 54.33 29.02 97.75 94.17 98.86 6.37 41.75 79.31 49.08 12.92 90.02 4.15 3.2 96.09 60.39 41.1 82.66 83.31 28.38 76.61 24.32 36.09 13.73 46.26 67.72 18.48 75.29 18.28 92.62 22.46 27.73 79.82 64.14 19.08 52.56 88.87 55.81 33.29 58.17 37.33 72.28 66.11 34.46 62.12 96.88 53.8 81.89 39.53 87.24 68.21 91.43 37.85 67.5 9.87 37.77 72.02 51.11 57.79 52.58 55.01 83.57 16.53 25.75 23.38 1.27 14.48 18.09 91.97 47.74 40 46.69
87.08 81.3 77 5.82 92.51 52.21 4.11 88.94 93.39 7.43 28.49 94.24 35.83 28.76 67.34 41.53 28.51 63.36 23.62 31.02 40.84 46.36 53.05 17.06 69.4 16.84 31.98 16.1 98.83 46.27 60.34 51.75 14.42 77.76 6.62 33.93 72.76 27.58 32.09 81.43 53.07 43.95 46.76 87.16 7.65 15 64.07 15.49 5.07 81.37 43.34 41.85 44.75 35.46 64.53 87.33 88.91 56.15 41.06 94.59 3.25 3.54 98.03 98.55 5.1 44.42 27.76 77.71 41.26 35.49 0.86 60.87 13.47 27.03 93.59 63.41 16.49 37.52 61.79 43.3
76.78 33.94 38.71 22.82 97.32 93.9 57.29 20.8 81.2 0.5 99.28 56.5 58.82 9.87 36.09 23.29 90.69 64.77 64.38 75.87 0.93 58.83 70.24 60.08 0.65 97.73 23.67 34.36 65.59 89.48 27.97 37.34 51.24 62.9 77.78 67.4 84.58 59.61 63.6 52.64 57.78 84.66 75.04 21.3 60.91 64.55 36.79 18.61 35.98 44.64 53.14 20.22 85.62 71.91 47.57 40.37 83.47 38.74 74.66 76.05 13.42 53.26 40.85 42.45 34.66 42.27 45.64 91.52 56 72.03 67.27 69.24 86.79 17.96 28.38 36.22 32.48 35.78 81.56 83.91
88.84 60.63 49.89 17.3 34.81 89.09 3.16 98.86 14.71 21.85 89.13 25.85 37.53 2.26 46.3 44.58 97.13 51.15 32.63 33.65 47.27 33.95 24.69 10.89 26 86.1 60.39 26.23 68.76 66.81 54.43 18.56 87.66 95.4 63.39 99.2 47.34 37.85 48.39 31.29 61.83 80.57 88.72 27.21 44.54 13.47 98.32 54.41 90.88 28.53 46 13.1 35.84 32.82 93.97 14.9 54.74 68.13 73.05 46.11 35.96 78.52 61.03 42.79 31.93 45.94 47.66 56.06 9.82 48.3 66.75 39.25 40.51 69.53 74.79 82.43 39.23 88.99 77.5 47.16
3.51 99.81 67.88 93.74 6.15 31.73 92.21 18.52 71.18 88.2 76.63 53.19 15.13 38.58 9.69 52.33 59.91 9.54 48.65 70.11 88.17 27.32 33.47 29.14 66.74 84.09 53.06 81.34 4.15 76.27 50.44 75.28 83.43 1.88 16.52 55.92 14.6 70.88 67.23 12.22 95.55 23.36 98.1 15.2 67.34 60.23 11.02 15.53 91.32 74.99 1.75 55.54 64.43 24.25 55.94 22.05 19.68 43.2 68.81 98.05 22.72 96.1 60.47 79.89 20.8 84.61 98.48 89.16 47.52 32.9 92.2 86.49 92.97 48.55 4.67 2.76 27.52 39.15 31.72 65.72
54.99 99.96 92.95 26.93 57.08 64.35 22.05 63.98 96.34 90.4 66.9 71.55 17.14 49.58 25.51 16.1 52.16 14.12 7.82 5.68 37.74 20.37 27.31 38.97 35.27 85.73 82.27 15.93 23.4 31.8 82.68 5.04 58.3 16.93 57.45 25.02 23.7 2.4 52.03 74.62 87.08 65.04 59.54 88.52 77.61 50.36 76.37 63.61 14.99 81.17 50.81 4.98 75.25 19.61 6.13 70.48 36.84 56.94 29.05 8.62 48.57 35.72 67 66.62 72.86 39.52 22.08 0.45 9.92 98.87 52.94 16.13 61.61 82.75 6.78 13.01 18.2 35.03 56.73 35.93
32.6 59.73 43.44 86.53 95.99 48.95 43.79 95.1 83.64 34.47 84.94 80.24 98.8 68.81 57.73 59.7 32.86 20.1 58.28 46.17 73.01 13.48 5.96 92.74 87.42 18.11 24.31 2.79 43.42 50.5 57.23 3.02 73.59 81.84 61.55 33.47 11.65 84.8 58.4 81.13 74.93 18.43 60.31 19.78 18.35 86.33 73.05 88.23 35.86 71.67 18.62 46.39 69.74 35.3 21.62 5.8 70.65 54.77 89.22 51.91 31.28 38.84 30.7 37.56 47.81 24.32 48.25 42.98 72.76 45.03 64.17 37.41 45.36 74.98 31.61 74.19 88.97 64.32 39.48 31.47
76.68 13.68 29.9 43.74 62.97 77.13 61.28 5.79 67.97 25.83 59.36 19.96 80.41 46.28 70.58 27.5 66.95 90.7 37.27 91.89 83.9 27.02 49.63 28.81 37.83 70.57 46.91 16.6 61.03 93.63 88.36 41.85 92.13 65.61 20.77 26.03 56.64 32.29 40.39 72.16 11.29 85.85 30.76 22.24 45.26 75.19 76.36 49.51 24.03 81.6 85.08 95.74 86.9 27.21 20.5 52.58 57.01 44.23 87.56 27.26 51.73 84.95 99.08 40.18 85.33 74.91 16.67 13.36 67.63 97.68 29.29 38.28 90.69 51.8 73.79 92.91 24.66 98.94 57.82 50.21
39.12 90.95 82.4 14.13 83.76 33.98 78.47 42.66 0.67 61.94 76.84 67.44 6.64 20.74 85.64 72 0.85 68.41 33.75 60.92 87.41 91.73 78.1 74.18 32.68 12.08 24.03 67.77 23.19 95.41 56.91 12.76 93.04 92 24.17 68.33 21.16 80 75.67 8.45 76.05 56.11 31.63 35.58 67.49 89.85 91.21 13.18 92.75 1.74 49.69 72.54 77.74 12.42 49.24 71.96 87.83 1.52 59.42 11.11 24.56 78.35 37.37 10.53 84.43 18.23 65.05 85.6 76.79 26.59 75.93 69.27 42.37 10.39 77.17 92.67 12.17 25.65 86.86 92.54
26.86 26.66 41.69 79.77 54.77 49.55 0.45 98.25 74.35 42.3 71.09 3.3 35.38 58.14 83.39 40.8 14.73 7.71 23.59 73.29 77.28 3.09 57.58 30.86 65.29 88.68 64.87 62.28 71.66 90.9 40.36 27.11 16.94 57.02 90.82 2.3 2.27 6.54 19.06 34.34 80.75 86.07 27.29 86.99 20.08 28.08 81.08 90.72 97.41 77.56 17.2 6.6 89.04 31.63 80.74 9.86 86.49 51.63 29.17 34.1 43.8 28.06 84.75 85.29 97.52 15.72 57.59 54.69 64.39 9.06 40.12 52.47 23.61 77.61 47.87 91.01 11.86 9.65 34.1 6.78
94.39 84.4 26.32 62.75 9.87 55.93 82.87 72.78 33.9 91.63 38 29.46 23.31 14.62 64.86 74.8 1.79 39.89 90.28 58.7 96.01 25.63 36.75 43.76 41.63 39.01 23.89 76.27 39.87 9.15 38.96 98.13 48.91 72.04 14.55 39.74 26.96 7.72 22.37 47.93 66.71 14.86 35.98 27.43 25.39 64.13 53.13 97.77 42.74 26 0.28 57.13 76.38 53.23 5.38 82.39 87.72 60.27 30.66 48.22 25.6 4.26 13.32 34.47 37.27 26.6 35.53 82.78 7.22 45.04 65.22 76.9 15.26 14.75 2.56 14.62 87.05 76.34 28.79 3.43
95.7 90.84 61.42 88.19 32.82 68.56 99.51 53.66 57.32 20.2 84.39 86.7 52.42 39.56 52.03 38.31 38.77 40.89 11.46 33.91 30.88 42.04 85.58 56.55 31.64 93.53 28.71 63.4 85.18 79.68 40.98 80.85 31.16 4.25 87.38 19.17 76.85 76.36 48.97 72.15 73.33 37.22 96.07 16.11 74.74 31.64 48.21 8 25.97 94.02 60.71 25.08 67.63 21.79 80.18 2.56 52.09 2.98 41.24 44.37 55.28 74.92 52.75 17.11 18.77 42.08 65.71 42.19 13.88 35.49 67.07 1.25 36.24 33.53 37.84 95.12 52.01 17.96 22.78 10.02
34.78 76.42 60.17 10.32 21.66 60.33 89.86 97.48 49.29 54.38 90.35 94.45 9.45 54.35 68.76 71.99 37.96 93.04 85.95 85.57 3.1 38.93 3.65 4.27 22.49 44.24 36.6 40.98 32.28 62.1 28.97 97.86 16.69 3.59 17.92 7.35 28.12 46.48 26.65 52.31 87.31 56.79 99.75 64.86 96.96 85.81 55.46 14.51 12 45.23 99.21 40.99 45.55 77.79 36.22 10.39 36.5 9.77 40.98 31.67 9.67 16.42 88.57 36.94 62.79 24.51 69.49 23.71 65.92 64.59 38.93 41.92 22.07 75.82 57.71 47.84 28.36 57.63 22.48 76.83
67.01 36.07 23.61 94.17 63.6 23.86 53.26 47.72 23.9 42.92 75.5 58.52 25.24 15.34 32.27 79.63 18.57 17.53 72.32 97.37 80.22 85.19 47.29 27.02 70.49 51.59 86.76 47.31 48.63 18.9 65.5 89.95 23.91 45.09 92.19 14.66 71.11 74.77 44.22 15.54 74.19 12.3 27.87 72.77 59.28 80.6 49.05 38.17 2.44 0.19 39.81 35.53 84.2 89.51 75.23 63.6 24.65 21.09 2.84 54.97 77.34 7.43 80.55 19.51 17.22 89.45 57.82 97.6 47.76 32.1 15.53 30.84 61.1 97.13 10.8 42.55 57.4 45.8 69.59 91.73
97.02 45.56 81.09 46.35 82.11 71.58 48.94 16.86 92.47 30.22 81.26 8.86 56.63 57.6 30.67 19.19 73.62 51.47 31.82 90.99 59.36 42.46 41.93 75.36 81.07 84.93 42.81 67.34 40.67 25.8 38.33 90.4 73.03 87.02 41.77 72.22 0.4 51.31 27.13 77.83 87.18 21.74 97.82 29.28 67.94 4.05 2.37 51.83 14.45 52.29 58.99 44.57 72.45 43.18 97.17 45.84 46.09 20.07 82.48 53.3 73.55 75.44 49.36 73.72 3.69 87.84 66.68 9.93 36.54 54.05 33.31 95.64 25.83 57.98 55.11 0.63 65.17 63.18 15.14 51.34
17.92 79.18 90.25 37.91 85.86 77.4 36.06 12.59 29.49 34.85 50.62 98.05 71.02 35.07 66.37 61.12 45.04 8.52 5.96 88.8 85.64 87.45 94.37 19.36 94.22 64.18 96.78 74.95 13.68 51.01 81.26 45.56 50.19 71.54 96.59 2.99 2.7 73.95 93.02 98.04 67.67 49.37 20.68 90.33 54.56 4.11 29.35 52.61 79.04 69.76 22.24 58.3 85.86 29.39 35.03 63.79 7.37 94.59 85.5 49.44 0.62 99.42 50.1 39.1 26.27 95.38 48.76 20.62 30.44 53.89 44.49 26.2 64.48 22.58 94.21 73.18 25.56 84.62 60.08 72.49
52.56 87.12 96.67 53.43 85.3 45.81 7.92 77 35.22 8.94 28.78 13.44 80.06 46.64 4.33 46.54 93.25 55.23 75.28 53.71 3.77 66.33 54.99 27.36 17.15 59.32 64.79 24.42 80.63 12.98 94.93 13.97 81.16 27.01 25.02 51.88 20.74 93 11.25 57.31 52.72 40.93 90.67 36.77 81.61 38.2 18.93 52.67 31.36 57.02 10.17 3.99 57.81 6.16 49.99 73.5 63.47 84.02 21.78 73.95 92.03 46.02 75.48 49.37 71.84 47.91 99.27 4.98 56.23 14.4 84.44 91.86 21.29 25.02 59.39 72.36 67.93 44.21 15.21 3.67
1.8 48.72 77.34 73.28 90.83 61.9 17.64 53.97 40.68 80.08 64.79 30.21 85.91 83.55 71.92 17.69 7.35 41.72 58.39 34.28 0.55 81.77 94.24 94.87 15.17 2.09 76.39 58.59 3.46 81.53 60.21 83.02 13.84 83.41 73.55 92.71 47.04 5.05 11.74 47.61 74.09 85.24 97.18 2.57 21.93 12.55 43.06 11.7 11.66 13.02 58.63 16.23 13.95 37.29 8.49 64.66 28.98 74.22 8.96 4.02 87.57 97 65.67 18.43 90.05 81.89 52.44 85.47 70.12 91.87 88.51 60.6 48.59 13.95 81.87 12.6 58.99 66.31 87.96 79.38
86.41 59.09 90.26 25.91 14.76 23.5 21.2 32.03 43.55 44.02 58.53 47.07 89.74 3.37 94.17 83.62 46.05 1.92 19.43 59.2 70.47 69.15 76.18 44.04 81.93 57.41 47.36 30.84 22.71 98.47 90.66 31.02 40 43.78 32.36 28.91 84.46 14.42 38.11 95.3 51.88 11.65 23.85 60.81 4.18 27.77 25.93 80.17 34.53 66.94 31.04 73.29 44.49 7.69 57.02 87.79 94.35 76.42 44.81 52.02 97.74 80.27 85.27 34.6 50.21 18.78 92.99 2.41 23.32 43.91 23.06 62.51 8.88 98.34 29.07 11.94 93.97 99.06 77.16 58.78
65.89 36.1 24.57 10.18 16.2 0.54 80.66 35.51 39.66 45.84 44.34 58 44.56 33.42 75.55 28.87 49.05 39.62 54.67 45.81 82.58 72.48 45.09 76.73 17.47 19.42 79.52 34.12 74.78 86.27 64.93 59.58 50.24 82.45 94.49 91.35 91.51 42.36 13.57 91.59 92.98 82.86 90.74 31.75 47.23 2.87 90.88 64.47 54.26 55.92 63.84 85.8 79.08 12.83 46.12 8.61 24.14 88.71 53.65 65.5 54.19 52.28 71.98 75.13 51.7 35.54 10.42 54.91 46.7 69.27 26.67 37.48 10 0.98 19.34 4.65 75.2 31.91 98.6 6.23
44.19 42.87 14.68 17.36 92.25 75.64 94.54 7.98 25.36 22.87 69.11 78.29 88.61 48.83 38 95.96 48.53 46.54 60.61 83.5 64.72 99.92 18.25 19.66 68.05 2.56 94.61 18.49 39.97 74.17 10.98 82.16 96.6 67.5 40.04 35.68 6.66 82.44 34.18 4.17 95.79 53.99 47.49 2.71 52.77 1.52 47.67 70.27 38.2 93.88 31.66 84.89 44.54 46.83 96.52 36.78 3.6 15.96 14.82 7.73 47.54 38.87 74.38 49.41 53.23 40.27 99.84 57.06 36.07 82.19 27.3 52.53 85.23 41.82 74.77 23.17 2.93 22.66 89.54 3.41
40.29 6.01 5.58 63.55 28.39 42.24 23.37 49.54 53.6 25.57 77.05 7.58 70.38 0.68 7.47 50.54 73.81 26.19 1.7 1.29 85.37 38.12 92.23 22.63 26.55 15.21 31.19 57.72 19.82 7.76 61.2 62.38 54.21 38.48 94.02 38.68 21.69 76.18 12.93 22.38 6.69 91.71 28.6 27.21 85.22 23.87 26.2 8.1 77.25 9.65 65.5 79.82 86.66 97.82 77.69 62.93 98.25 66.21 70.04 64.11 28.78 1.28 98.05 75.38 57.53 7.64 51 88.52 15.6 14.79 61.91 14.89 13.82 73.67 12.58 18.49 93.9 46.38 33.8 69.34
31.17 13.72 12.86 90.58 25.9 59.19 33.84 61.06 52.2 35.02 57.36 53.79 41.02 16.46 73.77 66.29 39.39 16.69 41.38 19.92 73.68 40.65 21.41 40.51 47.64 67.37 44.77 80.73 39.32 20.01 21.01 18.04 19.98 34.55 59.14 15.64 31.29 24.6 10.04 30.46 24.18 42.28 32.1 49.5 12.3 85.98 24.54 2.09 6.01 7.91 80.03 28.26 80.24 65.24 15.97 11.14 26.07 25.62 56.1 16.91 82.31 23.85 60.49 97.67 4.94 59.33 62.19 56.53 84.82 22.11 48.43 94.52 60.55 32.24 38.38 37.11 90.69 50.44 55.43 41.71
97.71 21.55 0.46 30.04 36.6 89.44 17.12 34.03 57.04 92.48 42.34 7.72 79.48 49.37 57.59 56.38 76.91 89.84 97.75 70.8 79.61 14.31 39.51 96.66 91.32 30.32 62.69 84 37.14 92.15 8.29 23.3 34.65 61.78 31.36 72.36 33.04 0.57 84.85 54.91 98.52 8.98 88.15 97.85 1.79 6.27 56.15 62.67 28.5 77.6 58.29 9.52 56.57 55.77 19.64 4.82 79.13 44.26 60.16 37.8 4.58 23.01 65.98 57.59 38.41 8.29 19.79 40.94 24.12 48.48 72.23 17.15 52.54 47.43 37.68 40.81 8.02 84.27 15.41 8.33
81.75 19.99 26.94 71.61 18.43 69.38 31.17 25.84 87.83 96.86 72.65 75.1 18.66 21.59 93.92 29.96 77.91 10.49 13.2 37.43 61.09 90.7 3.96 21.78 84.56 46.18 32.27 2.46 51.09 94.82 93.48 32.02 2.51 8.7 83.21 50.26 46.35 60.06 71.56 43.4 75.3 39.46 25.15 60.83 32.21 35.86 27.9 80.04 28.77 17.54 24.75 80.67 98.45 18.38 21 62.13 90.17 14.95 4.89 55.23 40.99 73.03 38.49 20.94 37.87 56.23 76.77 14.94 13.88 23.09 36.13 31.21 44.27 15.76 55.37 30.83 86.2 61.93 29.49 25.14
9.27 21.04 16.52 33.85 37.28 51.76 9.65 28.97 40.21 30.4 95.1 2.04 38.42 3.87 50.57 18.55 64.3 55.01 86.56 9.47 89.57 92.15 9.91 5.64 61.78 52.85 8.56 80.31 81.42 5.03 65.31 93.82 59.02 81.8 70.97 66.41 32.24 11.68 44.46 77.9 27.42 57.54 96.6 36.87 39.57 87.51 75.8 39.77 91.23 16.43 49.24 65.89 13.26 41.71 90.79 68.44 14.3 89.26 33.35 90.03 38.65 59.29 73.03 88.54 45.26 1.34 90.11 63.96 3.2 7.68 36.54 63.07 16.59 56.29 55.09 83.44 40.74 92.89 4.57 11.29
67.56 39.11 78.29 89.73 82.21 83.19 56.08 63.33 26.97 49.51 65.32 8.4 50.42 21.42 78.02 29.08 22.55 90.47 1.98 66.94 10.19 33.86 23.94 55.61 71.45 71.45 68.88 74.95 96.18 49.36 96.57 15.25 94.42 74.37 28.57 0.37 83.08 30.39 93.44 33.5 1.01 84.94 65.92 26.05 60.66 99.18 55.24 33.99 52.68 6.11 55.61 80.9 35.32 61.14 38.71 5.7 90.67 75.43 7.74 98.34 59.46 30.86 33.77 94.05 14.64 35.43 30.55 72.06 62.16 13.42 35.55 63.16 5.04 3.41 45.45 97.78 25.45 27.62 80.26 9.21
97.53 40.67 46.9 4.51 10.55 33.43 69.45 15.6 5.27 12.56 49.07 26.02 84.59 43.75 60.47 87 8.6 42.83 2.38 39.03 46.66 72.23 49.78 71.11 42.45 90.67 27.04 23.66 12.81 23.12 29.77 68.65 18.1 6.29 87.97 58.07 9.11 56.76 43.71 5.37 27.4 28.92 20.65 51.9 83.08 16.36 2.11 29 20.64 45.04 47.07 50.73 90.8 2.9 97.26 0.15 91.26 24.84 59.47 93.29 94.2 22.98 78.21 17.3 4.28 94.6 83.52 67.48 60.79 69.3 61.25 84.04 36.28 34.31 93.02 56.45 27.06 85.37 87.54 83.85
86.65 5.28 47.7 5.5 88.25 4.56 95.22 81.14 78.28 89.54 67.76 86.85 88.61 77.1 31.44 7.18 51.26 3.12 45.74 3.88 82.78 79.57 11.97 41.99 94.65 70.41 49.65 93.22 98.12 98.41 6.46 64.57 63.94 96.03 1.8 72.25 21.32 88.3 9.39 33.72 84.53 73.4 20.47 91.75 62.42 52.96 22.51 50.67 69.23 34.98 82.86 89.37 39.74 93.43 45.24 61.16 69.16 20.97 72.14 54.99 13.71 28.29 86.58 51.37 95.21 47.83 4.92 29.17 9.59 54.01 0.76 8.14 11.49 23.32 68.55 14.98 81.84 25.31 26.56 56.26
6.83 27.5 51.8 68.03 15.7 81.75 71.95 85.97 69.7 48.72 58.01 6.46 35.96 62.86 26.61 15.78 69.77 88.07 23.29 40.93 88.41 95.21 59.53 13.16 95.27 27.06 32.43 97.6 44.9 2.75 27.44 60.06 53.36 39.35 68.94 25.44 74.73 54.91 45.88 91.1 60.72 23.47 52.17 19.2 89.3 96.08 16.76 17.54 61.35 23.38 88.92 78.85 52.63 93.89 49.42 27.07 91.15 46.92 31.06 26.59 54.38 93.04 28.35 33.76 50.5 5.34 86.23 60.39 8.97 40.6 79.33 40.55 38.89 44.8 82.23 0.15 46.98 17.4 65.42 11.59
19.24 84.58 31.93 85.06 37.53 66.11 69.59 0.97 27.98 28.82 2.6 23.04 24.06 70.97 11.92 37.28 40.15 11.96 56.28 87.81 66.25 4.82 90.53 87.32 72.89 86.43 46.8 57.24 79.1 73.05 31.6 49.06 97.03 58.62 57.64 47.28 72.77 14.27 53.38 8.41 23.79 66.24 81.24 55.09 37.43 54.01 40.45 2.22 20.4 27.93 85.62 94.36 19.38 61.22 93.84 0.9 77.5 57.92 62.69 29.75 78.06 25.92 46.3 9.72 42.28 20.52 60.34 10.33 13.38 59.45 7.75 78.66 32.54 30.18 66.28 61.25 53.72 1.01 71.25 60.83
28.71 20.24 57.27 95.39 8.22 67.12 1.76 8.29 20.63 57.88 63.82 51.37 98.56 93.17 98.68 90.35 81.33 11.19 25.31 25.41 57.69 18.22 42.96 4.14 2.89 76.45 73.11 8.81 58.12 28.37 70.25 62.15 7.78 90.85 53.35 43.5 43.92 38.59 90.64 66.17 39.76 36.06 38.24 6.92 86.7 20.92 11.58 15.54 91.51 66.84 16.95 16.49 49.29 80.67 97.43 38.25 53.4 52.41 8.36 4.55 52.7 98.72 97.22 39.1 78.13 72.67 99.6 53.14 41.21 50.25 35.43 28.69 89.53 90.08 97.78 85.85 6.2 2.45 50.38 9.15
32.29 22.69 12.86 49.2 83.5 92.29 52.71 49.13 21.6 76.37 38.27 1.33 13.35 61.28 77.21 82.08 92.89 71.52 8.35 52.12 3.57 68.52 5.89 21.99 5.17 76.79 60.5 18.66 25.13 3.09 53.3 55.46 20.2 15.25 19.26 16.35 3.42 80.43 16.54 25.65 51.65 17.21 43.35 39.08 56.59 73.84 91.06 41.78 77.55 47.31 31.26 88.32 71.63 90.18 36.06 92.02 98.33 94.78 47.17 22.6 61.39 46.95 30.63 62.57 12.2 43.05 62.03 31.38 61.64 85.93 19.75 52.88 83.37 20.03 68.3 13.49 17.64 75.69 46.89 50.4
3.19 96.81 14.55 67.26 57.97 2.68 40.25 79.34 83.16 97.2 14.96 10.48 47.54 24.17 60.71 5.17 69.39 91.24 22.79 21.63 24.25 99.89 72.33 1.65 59.86 6.85 50.59 92.49 10.48 91.54 98.44 17.38 62.12 26.59 90.51 21.96 97.88 16.46 91.54 30.72 85.54 31.8 42.19 1.99 64.12 99 16.68 77.22 18.63 38.14 10.14 24.13 76.15 97.97 92.93 43.32 38.44 15.23 32.44 57.74 28.58 24.26 89.16 5.96 70.14 9.14 56.06 62.85 85.84 12.8 94.94 81.14 12.43 3.7 17.97 46.24 20.11 76.26 34.75 5.61
70.68 30.84 12.9 63.77 27.26 31.02 43.72 16.14 67.23 39.94 33.58 92.69 62.44 66.58 90.87 22.85 46.7 96.3 30.77 32.67 5.07 19.71 7.18 55.3 10.28 72.77 38.29 2.26 85.84 57.77 49.14 0.76 72.65 3.6 15.36 78.12 88.4 85.59 65.04 96.73 5.3 39.65 20.84 89.32 77.11 61.02 0.06 95.41 8.24 25.45 30.74 61.09 64.55 39.61 8.9 33.52 68.14 73.55 50.37 62.74 66.34 23.28 90.12 69.8 93.73 84.44 3.19 32.68 96.84 84.33 81.72 91.19 77.75 89.03 37.36 96.5 14.95 75.59 6.84 19.11
8.15 92.72 12.79 96.81 69.71 74.07 91.89 85.75 82.92 5.14 30.54 0.71 10.02 59.66 79.8 57.69 96.94 87.43 46.9 44.15 84.69 89.18 94.77 91.26 85.3 27.74 11.33 13.72 78.76 81.83 89.11 96.82 36.68 4.22 52.07 32.14 91.94 82.2 63 32 52 67.92 93.19 74.91 35.3 39.62 8.99 21.66 41.98 58.71 98.61 46.97 76.6 33.86 57.56 93.7 10.23 94.88 61.65 76.69 29.65 54.13 14.64 62.71 85.47 68.76 48.54 76.41 6.84 7.66 61.6 15.43 95.14 69.3 83.64 41.19 83.16 69.49 87.47 84.22
40.49 72.5 10.69 65.6 51.49 18.16 27.66 65.86 11.35 82.82 69.07 50.08 57.32 93.59 87.86 81.07 23.7 36.65 90.47 69.46 31.69 15.27 43.86 96.65 85.64 86.94 43.94 27.7 82.49 47.4 12.5 45.1 25.42 10.42 40.46 81.22 6.12 3.11 74.75 91.06 61.59 64.1 85.73 56.53 88.72 6.62 25.86 20.82 97.18 33.68 92.15 99.25 61.62 44.3 43.34 82.07 75.08 51.12 72.83 0.4 40.09 67.07 51.64 73.89 96.94 71.27 55.51 26.64 91.73 52.21 55.22 24.29 98.08 38.42 13.96 67.6 88.76 77.15 38.73 5.53
96.23 25.85 89.74 36.55 10.28 83.77 78.12 30.26 53.63 23.69 59.27 81.56 40.51 86.09 79.13 23.99 75.14 62.52 13.32 44.89 59.04 83.55 53.16 89.37 86.85 47.53 4.39 44.6 10.73 60.67 31.85 20.15 42.97 70.96 61.52 34.48 15.89 38.8 45.84 90.73 69.38 16.06 79.18 64.05 4.01 49.44 20.49 76.23 24.55 88.92 11.72 32.79 26.41 20.61 25.1 15.93 49.53 61.77 69.28 32.16 43.22 41.9 21.63 9.22 0.53 40.82 54.69 45.35 45.27 98.27 52.03 32.71 49.1 97.7 22.04 20.56 58.3 39.27 27.45 8.46
18.45 22.99 55.41 70.18 39.98 87.72 50.96 92.16 8.62 36.15 95.01 87.88 86.71 57.35 63.36 36.79 61.04 34.03 37.1 90.14 89.9 44.49 79.92 16.37 80.77 32.77 24.18 95.28 81.47 93.52 3.39 66.43 40.76 97.83 12.44 38.58 41.48 71.38 80.29 52.96 29.67 90.76 83.67 55.61 55.05 12.08 93.28 43.9 71.52 59.65 18.22 3.41 38.82 54.27 31.97 73.19 67.28 74.05 45.81 84.22 41.99 45.16 13.87 9.66 88.38 61.48 70.74 18.85 7.21 85.98 17.76 33.01 16.01 19.96 86.11 23.6 46.67 11.23 16.42 25.16
46.51 40.42 20.33 11.42 88.1 73.57 24.33 29.69 68.95 17.84 13.67 28.62 99.04 46.3 24.09 89.18 5.38 89.96 7.51 21.27 65.51 38.34 67.82 3.89 17.64 37.3 60.56 60.5 40.84 34.4 15.96 98.51 62.94 27.05 88.96 84.4 93.39 89.84 22.51 64.96 90.56 57.29 33.08 42.16 32.87 23.47 16.2 90.23 6 53.76 1.95 32.84 50.89 39.72 26.05 27.35 66.58 55.41 44.5 96.39 33.81 92.7 61.51 81.29 46.77 12.69 49.46 29.32 39.2 27.6 78.54 86.64 65.12 65.34 72.41 38.53 84.32 7.72 39.97 31.5
21.55 98.13 87.88 32.96 93.77 62.25 13.86 52.09 98.6 53.99 18.6 51.83 89.89 95.02 28.74 27.07 95.21 4.96 83.93 9.3 51.07 19.83 40.28 16.08 85.3 47.89 97.68 27.4 56.73 86.91 39.32 46.43 79.73 53.08 18.1 84.02 35.77 97 85.66 36.94 49.18 75.66 34.3 44.31 27.24 94.62 70.44 46.82 30.49 72.21 49.02 8.97 79.63 65.32 97.16 85.95 97.33 52.97 70.77 45.86 50.23 19.03 88.86 13.7 25.91 24.13 3.91 32.44 9.95 7.34 41.66 74.01 28.33 24.22 0.79 43.73 39.24 17.51 43.95 83.94
79.88 98.9 38.66 79.21 90.76 33.97 99.7 66.15 68.76 24.54 29.35 18.59 46.39 17.16 66.59 73.56 69.69 97.94 7.36 75.75 8.62 2.04 74.15 5.23 42.09 15.7 64.65 81.53 78.53 43.36 80.36 33.61 97.25 38.28 45.46 82.85 15.19 4.27 97.3 86.69 50.5 35.59 21 55.22 44.39 99.94 1.26 52.8 23.82 71.3 19.05 25.4 15.14 96.78 84.87 32.9 40.87 19.27 85.78 94.43 46.1 99.01 54.22 36.07 4.91 56.59 10.33 80.56 92.23 28.72 60.76 23.37 72.34 16.28 50.45 98.4 58.16 61.96 54.75 31.92
64.28 24.9 70.84 70.84 99.52 96.18 94.68 95.33 9.73 50.36 92.31 23.45 84.82 96.13 29.27 15.12 76.77 96.92 43.09 76.66 78.06 69.74 23.75 22.77 75.37 87.05 9.43 87.04 91.91 27.67 42.61 21.01 67.67 45.96 19.33 39.92 86.76 91.6 62.93 44.44 71.77 61.15 22.41 36.06 90.79 33.67 68.03 81.81 18.95 32.68 63.67 39.75 96.57 46.5 39.33 66.84 0.31 40.44 4.96 73.39 69.4 89.21 15.85 27.05 55.6 9.5 47.45 2.99 11.04 29.5 21.21 17.08 37.6 63.5 76.95 3.06 21.85 13.47 21.93 15.66
41.5 9.81 56.17 72.27 31.87 41.53 15.41 28.76 3.87 10.92 43.12 14.61 50.72 92.74 58.6 8.74 29.8 29.99 26.89 31.8 28.6 28.49 45.34 86.15 54.22 38.09 69.58 19.8 86.41 0.25 13.48 78.85 88.3 9.94 96.2 44.11 82.59 4.31 54.71 6.29 91.55 52.86 65.94 65.27 48.52 30.85 89.42 80.84 98.39 34.18 64.97 65.8 47.35 20.4 65.84 57.79 65.21 64.13 77.76 72.79 82.82 99.7 95.01 89.31 19.02 71.56 37.03 4.32 2.2 2.83 54.21 94.77 14 59.39 99.44 37.17 22.54 33.9 30 30.23
93 19.36 6.6 34.4 77.99 26.74 42.39 47.13 54.73 42.58 7.53 82.72 43.86 23.06 71.84 30.76 55.99 56.17 35.49 54.71 85.68 83.23 72.05 28.51 2.01 98.17 60.01 27.68 3.82 60.54 8.92 10.39 61.41 99.48 65.64 17.7 9.57 91.1 32.99 68.49 83.03 55.27 40.69 33.84 74.89 63.79 6.57 1.97 70.59 66.58 53.04 12.44 31.99 94.14 57.67 0.37 99.09 41.1 10.61 38.5 64.89 3.44 95.76 42.22 33.21 86.76 37.75 16.17 63.1 3.94 50.85 74.34 9.52 34.55 3.81 57.37 21.21 30.03 1.95 92.41
34.64 32.55 49.37 83.72 57.66 80.93 37.63 26 57.81 64.23 13.62 7.57 68.19 60.94 73.35 4.19 57.96 58.67 18.91 25.42 54.51 22.39 39.14 83.15 49.26 15.84 53.59 93.36 31.35 52.34 93.91 91.12 18.1 29.57 66.22 7.16 84.81 74.57 11.37 39.28 79.06 85.73 64.73 99.89 82.11 93.69 70.98 38.03 26.91 8.93 89.91 65.58 99.03 81.07 79.51 86.52 36.77 5.98 35.25 38.68 72.42 26.28 88.42 7.03 53.75 90.06 26.49 23.27 70.77 43.62 7.57 33.53 89.41 71.17 20.21 84.7 4.75 30.31 42.72 82.52
24.14 94.04 5.59 98.3 52.17 85.48 98.9 62.86 23.29 41.21 13.28 29.11 92.18 3.06 29.24 56.46 66.38 65.22 77.95 4.03 45.11 57.93 10.34 83.88 91.51 12.91 34.27 44.53 44.41 59.8 52.15 97.54 45.25 63.71 29.19 98.02 86.27 89.12 38.02 43.05 82.7 51.22 93.02 46.57 84.2 32.13 54.81 71.53 52.18 3.74 66.05 32.81 89 88.61 51.76 27.76 59.41 2.09 30.43 77.42 95.24 36.24 6.86 47.46 1.83 80.14 10.77 50.28 0.11 39.45 60.42 53.61 6.79 25.62 62.17 62.7 93.11 4.85 73.44 76.91
87.56 79.69 17.18 63.47 41.35 5.3 39.02 29.63 96.44 11.69 96.51 94.3 76.57 63.17 3.58 55.39 81.58 86.37 23.38 35.57 21 62.25 10.15 29.56 67.48 81.4 22.46 69.63 47.7 71.15 17.05 27.52 40.17 94.78 9.48 67.66 26.89 16.69 54.06 45.68 82.33 80.21 97.89 81.85 33.4 14.57 8.45 10.13 94.81 30.5 38.49 7.72 84.61 75.79 46.39 30.2 69.09 91.96 61.29 75.99 65.09 52.82 16.37 65.09 40.66 25.76 61.24 93.33 98.61 88.24 1.31 74.05 46.89 25.46 99.82 56.76 95.1 76.31 62.71 19.78
43.91 73.76 45.83 50.3 68.98 29.59 13.31 0.08 42.8 10.6 56.1 44.57 53.75 34.39 45.15 6.12 79.02 74.77 30.97 15.56 69.45 45.13 23.35 39.82 20.26 22.4 29.24 71.14 54.57 90.14 98.67 0.44 97.03 96.73 97.51 89.4 22.75 55.85 8.45 70.28 88.2 43.63 37.91 65.82 80.97 97.13 40.24 32.87 73.64 6.68 31.49 65.31 15.12 31.24 34.38 79.73 27.6 88.07 12.45 54.84 16.45 72.76 49.57 55.71 3.62 20.34 81.7 18.07 75.36 38.52 69.47 1.08 68.1 17.8 99.17 71.02 27.67 6.04 85.96 32.24
27.65 50.55 73.58 73.14 84.95 98.6 28.57 97.16 12.09 90.02 99.41 78.37 63.15 34.52 82.88 8.28 49.25 61.71 17.13 72.47 26.26 66.64 0.82 22.94 86.83 26.46 5.19 64.73 70.91 21.99 1.47 42 29.69 89.52 51.64 14.68 77.1 15.93 12.73 92.18 88.93 53.34 8.09 84.07 52.09 9.11 65.4 87.27 44.33 16.83 63.13 86.79 28.31 28.71 84.94 52.64 54.95 71.61 25.63 73.16 67.82 60.47 53.39 57.25 32.96 90.56 30.36 70.02 97.23 4.23 25.5 72.92 32.98 68.59 31.36 52.67 73.41 58.33 99.43 39.51
59.36 60.42 73.37 59.22 76.05 62.24 4.71 75.82 55.47 55.47 69.81 26.78 19.25 49.93 3.61 97.65 24.46 8 74.16 75.17 4.62 37.56 53.94 12.65 7.71 17.05 54.68 92.29 93.48 44.54 34.9 73.9 20.66 33.93 88.04 53.46 15.68 44.5 1.75 1.24 2.92 28.72 75.01 67.1 61.39 67.48 30.26 28.6 89.86 14.75 75.13 93.32 67.56 37.61 28.41 77.97 74.64 62.66 82.38 58.49 31.49 4.15 70.19 3.71 36.69 31.58 89.78 27.46 20.56 38.63 20.38 79.87 85.27 83.89 5.15 4.94 14.57 64.27 32.86 88.76
32.51 79.84 89.83 47.24 66.28 19.8 46.83 44.4 54.66 16.89 95.9 60.28 69.77 18.42 68.42 97.3 72.47 66.96 55.65 14.45 95.35 34.52 60.96 21.09 13.92 21.55 4.49 45.2 19.75 82.91 58.46 34.7 90.97 74.96 72.28 34.86 57.73 13.99 25.28 71.92 46.63 79.92 80.61 98.23 91.49 73.74 39.56 93.48 32.38 54.99 26.67 76.92 92.8 9.81 2.23 34.12 19.49 1.66 80.06 38.58 47.71 60.71 55.73 48.77 43.84 32.54 90.44 44.06 60.11 41.42 11.27 35.03 12.36 89.73 52.19 38.71 9.54 83.93 90.23 25.93
37.28 93.05 7.78 82.35 54.28 41.02 38.25 20.26 34.59 81.39 89.54 86.41 9.09 4.05 47 72.72 16.47 66.8 15.68 63.58 31.06 83.17 32.13 82.62 87.51 0.68 62.6 51.41 98.29 94.42 92.42 0.55 8.32 87.97 2.85 20.68 32.72 61.03 2.7 30.61 51.67 34.95 26.6 15.15 12.96 10.75 12.11 42.22 56.08 43.42 28.9 9.08 70.18 43.81 27.8 57.02 25.2 30.62 22.49 42.7 58.42 74.01 35.29 61.57 63.95 38.24 30.45 62.89 29.05 85.39 12.15 16.19 87.61 32.39 63.26 6.58 33.68 95.74 59.7 29.33
75.07 21.67 57.14 32.04 8.93 10.8 95.4 18.65 81.42 58.17 69.36 84.25 80.95 4.13 55.62 29.61 61.77 49 49.53 86.53 40.2 60.8 12.11 46.51 29.67 9.84 40.86 80.98 1.79 10.4 84.96 85.67 46.01 44.37 32.15 86.59 62.26 31.32 64.82 18.83 1.32 50.24 79.09 80.71 2.67 70.74 57.05 23.86 93.28 92.54 39.99 71.64 73.09 42.97 33.59 57.3 2.92 95.57 35.67 75.78 45.51 62.19 36.48 51.22 89.03 37.99 14.52 41.32 91.89 21.22 30.3 74.01 46.55 44.03 75.49 80.29 36.79 21.06 68.75 91.06
74.21 4.13 71.29 54.43 78.97 26.83 21.72 94.99 73.01 6.75 8.82 82.65 32.31 92.02 36.31 3.18 51.18 35.38 79.56 24.07 49.57 67.5 57.31 0.01 80.46 98.98 79.01 21.92 77.93 46.44 33.51 50.83 60.6 80.71 30.72 27.23 73.07 42.2 0.86 58.34 35.44 23.59 79.64 76.75 1.35 83.45 92.26 12.14 12.51 60.97 12.92 1.55 53.23 8.33 77.11 21.85 0.21 67.5 82.79 44.23 94.78 69.06 68.5 76.33 85.35 73.49 71.15 27.22 26.82 37.49 91.6 72.13 14.63 35.09 38.47 70.18 87.2 98.8 12.07 50.22
58.95 61.54 0.59 98.86 55.72 89.4 26.34 34.46 38.71 1.11 4.26 39.33 0.22 44.87 71.17 31.83 16.98 97.4 56.14 81.33 23 66.86 94.49 40.68 32.66 14.45 95.76 48.48 16.85 80.85 44.73 18.96 95.4 94.34 63.48 51.63 17.08 68.91 86.37 31.94 89.36 6.98 69.14 39.73 54.8 21.29 78.62 61.59 80.42 82.32 46.13 0.09 98.84 22.25 16.26 18.58 2.97 50.71 69.04 69.9 32.44 89.88 51.56 51.89 33.62 20.49 99.74 16.59 9.87 82.44 36.33 17.46 68.95 37.6 42.9 34.65 64.26 31.67 72.08 9.85
29.37 26.59 18.38 40.78 74.45 8.23 58.25 8.53 13.58 74.78 95.33 48.58 20.46 4.61 58.38 77.56 40.37 34.46 1.15 89.08 16.32 33.68 59.2 62.46 77.26 88.81 69.11 84.29 66.94 35.75 35.24 79.51 33.44 79.32 82.6 25.33 85.33 72.72 4.35 28.17 62.39 26.41 94.9 6.94 11.5 7.72 70.79 48.14 1.55 18.05 94.65 4.26 86.13 65.18 28 80.02 54.42 99.69 9.54 10.63 2.31 9.41 88.05 55.39 27.37 62.76 6.61 18.48 77.54 35.62 27.96 66.4 48.92 83.05 26.44 43.32 97.22 31.92 2.78 16.4
35.93 44.02 25.88 59.62 0.25 38.57 56.52 62.03 99.22 65.77 14.87 44.23 13.56 56.01 76.87 91.44 68.16 86.3 50.97 61.17 14.95 91.03 16.34 43.36 27.04 16.27 42.3 1.71 90.57 73.14 9.77 10 17 14.77 46.01 48.65 79.23 18.16 68.66 16.72 87.85 10.87 66.69 95.42 20.01 75.4 40.9 39.29 76.19 62.03 70.09 2.43 99.34 3.12 65.19 0.98 37.06 99.92 82.13 85.35 6.71 90.51 30.56 48.82 53.34 8.71 59.05 15.21 62.89 69.16 61.48 35.36 81.85 40.99 36.55 6.46 94.7 63.97 83.76 29.83
18.28 2.06 74.33 62.83 97.83 93.31 45.72 86.42 84.55 66.76 64.57 55.1 29.64 26.48 17.34 69.52 66.49 90.16 76.76 74.92 90.42 94.71 95.61 75.29 63.81 38.06 7.63 86.72 85.76 42.73 86.74 5.88 12.05 28.23 45.42 26.93 61.14 33.74 80.22 13.74 69.3 57.14 83.83 53.12 81.2 39.06 34.29 47.71 50.27 73.97 84.34 53.67 23.98 20.75 85.3 86.58 26.02 65.63 3.12 55.1 23.41 62.41 42.78 97.89 49.24 27.8 6.97 48.72 58.64 12.71 17.67 0.29 52.95 56.99 91.35 91.95 8.69 91.97 71.13 59.59
43.11 84.21 57.81 41.48 12.27 10.2 46.39 32.34 61.9 69.61 51.24 85.89 28.24 27.5 99.4 70.51 96.21 82.46 38.11 49.28 7.75 4.78 21.2 3.03 26.17 36.88 40.67 3.65 50.89 91.55 26.46 85.67 82.25 23.8 73.1 76.95 82.7 47.76 89.65 53.34 92.52 25.64 63.75 21.86 53.55 77.55 32.4 13.48 10.21 21.92 6.38 23.18 22.06 4.14 4.42 78.87 79.77 5.07 41.13 14.93 6.87 73.17 9.38 65.91 37.82 79.65 9.95 5.64 61.22 99.16 70.67 13.75 38.13 90.42 99.94 15.48 25.81 87.21 76.73 6.51
28.29 42.68 93.58 23.24 82.21 5.9 11.83 7.1 80.71 34.33 10.64 83.44 50.48 54.39 70.72 28.26 48.05 85.92 26.08 15.75 62.13 46.78 66.12 80.86 35.28 75.03 17.94 41.96 59.33 27.43 66.71 79.76 47 24.04 7.39 63.84 71.66 36.22 73.01 76.92 33.72 41.11 52.27 49.72 9.88 37.71 86.02 20.51 86.36 7.3 38.95 63.41 49.73 89.37 97.35 95.16 11.15 73.62 73.76 60.04 30.3 86.99 54.98 63.73 97.9 8.69 72.87 41.8 27.31 66.95 4.77 16.46 47.27 6.61 69.71 33 90.29 0.7 61.7 52.4
